info {
bg:0;
}

tiles {
2,2,2,2,6,0,0,0,0,0,0,0,0,0,0,5,2,6,0,0,0,15,12,12,12
2,2,2,6,0,0,0,0,0,0,0,0,0,0,0,0,0,0,0,0,0,0,0,0,12
2,2,6,0,0,0,0,0,3,2,2,4,0,0,0,0,0,0,0,0,0,0,0,0,12
2,6,0,0,0,0,0,2,7,8,9,10,0,0,0,0,0,0,0,15,14,0,0,0,15
6,0,0,0,0,0,0,5,2,6,0,0,0,0,0,0,0,0,0,0,15,0,0,0,0
0,0,0,0,0,0,0,0,0,0,0,0,0,0,0,3,2,0,0,0,0,0,0,0,0
0,0,0,3,4,0,0,0,0,0,0,0,0,0,3,2,6,0,0,0,0,0,0,0,0
0,0,3,2,2,0,0,0,0,0,0,0,0,3,2,6,0,0,0,13,12,0,0,0,0
0,0,2,2,2,0,0,0,3,2,2,2,2,2,6,0,0,0,13,12,16,0,0,0,0
0,0,2,2,6,0,0,3,2,2,2,2,2,6,0,0,0,13,12,16,0,0,0,0,0
0,0,5,6,0,0,0,2,2,2,2,2,6,0,0,0,13,12,16,0,0,0,0,0,0
0,0,0,0,0,0,0,5,2,2,2,6,0,0,0,13,12,16,0,0,0,0,0,0,0
0,0,0,0,0,0,0,0,2,2,6,0,0,0,13,12,16,0,0,0,13,12,0,0,0
0,0,0,0,0,0,0,3,2,6,0,0,0,13,12,16,0,0,13,12,12,16,0,0,0
0,0,0,0,0,0,3,2,6,0,0,0,13,12,16,0,0,0,12,12,16,0,0,0,0
0,0,0,0,0,3,2,6,0,0,0,13,12,16,0,0,0,0,12,16,0,0,0,0,0
0,0,0,0,3,2,6,0,0,0,13,12,16,0,0,0,0,0,0,0,0,0,0,0,13
0,0,0,0,2,6,0,0,0,13,12,16,0,0,0,0,0,0,0,0,0,0,0,0,15
0,0,0,0,0,0,0,0,13,12,16,0,0,13,12,0,0,0,0,0,0,0,0,0,0
0,0,0,0,0,0,0,13,12,16,0,0,13,12,16,0,0,13,12,12,12,14,0,0,0
0,0,0,4,0,0,0,12,16,0,0,13,12,16,0,0,0,12,12,12,12,12,0,0,0
4,0,0,5,4,0,0,0,0,0,0,12,16,0,0,0,13,12,12,12,12,16,0,0,0
2,0,0,0,0,0,0,0,0,0,0,0,0,0,0,0,12,12,16,0,0,0,0,0,0
2,0,0,0,0,0,0,0,0,0,0,0,0,0,0,0,0,0,0,0,0,0,0,0,0
2,2,2,4,0,0,0,0,0,0,0,0,0,0,0,0,0,0,0,0,0,0,0,0,0
}

collision {
(0,672),(32,704),(32,768),(96,768),(128,800),(800,800),(800,576),(768,544),(800,512),(800,128),(768,96),(768,32),(704,32),(672,0),(576,0),(544,32),(512,32),(480,0),(160,0),(0,160),(0,672)
(160,224),(160,288),(96,352),(64,320),(64,256),(128,192),(160,224)
(160,704),(128,704),(96,672),(96,640),(160,704)
(672,160),(672,128),(640,96),(608,96),(672,160)
(704,416),(608,512),(576,512),(576,448),(608,416),(640,416),(672,384),(704,384),(704,416)
(672,608),(704,640),(704,672),(672,704),(608,704),(576,736),(512,736),(512,704),(544,672),(544,640),(576,608),(672,608)
(480,608),(384,704),(352,704),(352,672),(448,576),(480,576),(480,608)
(256,672),(672,256),(672,224),(640,224),(224,640),(224,672),(256,672)
(544,192),(544,160),(512,160),(416,256),(288,256),(224,320),(224,352),(256,384),(256,416),(128,544),(128,576),(160,576),(544,192)
(256,96),(224,96),(224,128),(256,160),(288,160),(320,128),(384,128),(384,96),(352,64),(288,64),(256,96)
}

spawns {
(2,144,128);(2,752,736);(2,160,784);(2,592,16);(0,208,704);(0,144,736);(0,64,608);(0,48,672);(0,64,736);(1,560,64);(1,640,48);(1,720,64);(1,736,128);(1,768,176)
}

waypoints {
(144,752);(80,720);(48,656);(80,592);(144,624);(208,720);(176,656);(176,624);(208,592);(272,544);(320,480);(368,432);(416,384);(464,336);(512,288);(592,192);(624,192);(688,192);(736,160);(704,96);(656,48);(576,64);(560,112);(592,160);(560,224);(496,96);(448,128);(384,192);(320,208);(240,224);(416,64);(352,32);(288,32);(224,48);(176,80);(128,128);(192,176);(80,176);(32,224);(32,304);(32,368);(208,272);(176,336);(160,384);(64,416);(128,432);(80,480);(64,528);(256,720);(304,752);(304,672);(352,624);(400,576);(448,528);(496,480);(544,432);(592,384);(640,336);(688,288);(736,224);(352,752);(400,752);(448,720);(496,672);(528,608);(592,576);(544,528);(656,560);(704,512);(752,464);(752,400);(736,336);(736,560);(752,608);(768,672);(752,720);(704,752);(640,768);(576,768);(496,768)
}

guns {
(23,144,736);(23,64,736);(23,48,672);(23,64,608);(23,208,704);(23,720,64);(23,736,128);(23,560,64);(23,640,48);(23,768,176)
}
