info {
bg:35;
}

tiles {
35,0,0,0,1,2,3,2,0,0,0,0,35,1,2,3,47,47,47,47,0,0,47,47,47,47,47,47,47,47,47,47,47,47,47
35,0,36,7,9,13,27,27,27,27,2,1,38,9,13,9,13,23,47,47,47,47,47,47,47,47,21,13,13,13,13,11,47,47,47
0,1,38,9,27,27,13,13,27,27,27,27,27,27,9,9,13,13,13,23,47,47,47,21,13,13,13,13,13,13,13,13,13,23,47
36,7,9,9,27,27,13,13,13,13,13,13,13,13,13,13,27,27,9,13,23,47,21,13,13,13,13,13,13,13,13,13,13,13,13
7,9,9,27,27,27,22,19,19,78,79,13,13,27,27,13,13,13,13,13,13,13,13,13,13,74,75,13,13,13,13,13,13,13,13
16,22,9,27,27,51,48,49,9,80,81,19,13,22,13,27,27,13,13,13,13,13,13,13,13,76,77,13,13,51,48,64,65,48,48
48,48,48,48,48,58,58,58,49,48,48,48,64,65,48,49,27,9,13,13,13,13,13,13,13,51,48,48,48,58,58,66,67,58,58
58,58,58,58,58,58,58,58,58,58,58,58,66,67,58,58,49,27,29,15,27,51,48,48,48,58,58,58,58,58,58,70,71,58,58
60,58,58,58,58,58,58,58,58,58,58,58,70,71,58,58,58,45,30,30,25,58,58,58,58,58,58,58,60,60,60,68,69,60,60
53,56,58,58,58,58,58,58,58,60,60,60,68,69,58,58,58,58,11,6,38,58,58,60,60,61,60,60,54,53,53,72,73,53,53
27,27,56,58,60,60,60,60,60,54,53,53,72,73,56,60,58,58,58,58,58,58,60,54,53,55,53,54,13,13,13,13,13,13,13
15,9,22,56,53,53,53,53,54,22,9,9,9,9,27,53,56,58,60,60,60,60,54,13,13,13,13,13,13,13,13,13,13,13,13
47,24,15,9,13,13,22,22,22,22,13,9,9,27,27,27,9,56,53,53,53,54,27,13,13,13,13,13,13,13,13,13,13,13,28
47,47,24,25,27,27,82,83,27,27,27,27,27,27,27,27,9,27,27,27,27,27,27,13,13,13,13,13,13,13,13,28,29,30,30
47,47,47,47,25,9,84,85,27,27,22,9,9,13,9,9,27,27,27,27,27,27,27,13,13,13,13,13,13,13,29,30,30,30,30
47,47,47,47,47,9,27,27,27,27,27,27,27,9,27,27,28,29,30,30,24,25,27,27,13,13,13,13,82,83,23,46,46,30,30
47,47,47,47,47,27,27,27,27,27,27,27,27,27,27,44,30,30,30,30,31,31,27,27,27,13,13,13,84,85,13,23,46,30,30
47,47,47,47,21,27,27,27,27,27,27,27,27,27,27,23,30,30,30,30,30,38,27,27,27,13,13,13,13,13,13,13,23,30,30
47,21,13,13,13,13,27,27,27,13,13,74,75,13,27,27,23,30,30,30,38,27,27,27,13,13,13,13,13,13,13,13,13,23,30
48,48,50,13,13,13,13,13,27,13,13,76,77,13,13,13,13,23,30,38,13,13,13,13,78,79,13,13,13,13,13,13,13,13,23
58,58,58,48,48,64,65,48,48,48,50,13,13,13,13,13,13,13,13,13,13,13,13,13,80,81,13,13,13,13,22,13,13,13,13
58,58,58,58,58,66,67,58,58,58,58,50,13,13,13,13,13,13,13,13,13,13,13,13,27,27,51,52,64,65,52,52,48,48,48
58,58,58,58,58,68,69,58,58,58,58,58,50,51,48,48,48,48,48,48,48,48,48,48,48,50,58,58,66,67,58,58,58,58,58
58,58,58,58,58,66,67,58,58,58,58,58,58,58,58,58,58,58,58,58,58,58,58,58,58,58,58,61,68,69,61,58,60,60,60
58,60,61,60,60,68,69,61,60,58,60,61,61,60,60,61,60,60,58,58,58,58,58,58,58,58,61,57,72,73,55,56,57,53,53
56,57,55,57,57,72,73,55,57,56,57,55,55,57,57,55,57,57,56,58,58,58,58,60,60,60,55,13,22,13,13,13,13,13,13
13,13,13,13,13,13,13,13,13,13,13,13,13,13,13,13,13,13,29,33,33,33,56,57,54,57,13,13,13,13,74,75,13,13,13
13,13,13,13,13,13,13,13,78,79,13,13,13,13,13,13,13,13,23,30,30,30,13,13,13,13,13,13,13,13,76,77,13,13,13
39,13,13,13,13,13,13,13,80,81,13,13,13,13,82,83,13,13,13,11,2,38,13,13,13,13,13,13,13,13,13,13,13,13,13
0,39,13,13,13,13,13,13,13,13,13,13,13,13,84,85,13,13,13,13,13,13,13,13,13,13,13,13,13,13,13,13,13,13,13
0,12,13,13,13,13,13,13,13,13,13,13,13,13,13,13,13,13,13,13,13,13,13,13,13,13,13,13,13,13,13,13,13,13,29
0,0,39,13,13,13,13,13,13,13,13,13,13,13,13,13,13,13,13,13,13,13,13,13,13,13,13,13,13,13,13,13,13,29,0
47,0,47,39,13,13,13,13,13,13,13,13,13,13,13,13,13,13,13,13,13,13,13,13,13,13,13,13,13,13,13,28,29,0,0
47,0,0,0,0,32,25,13,13,13,13,13,13,13,13,13,13,13,13,13,13,13,13,13,13,13,13,13,13,28,29,0,0,0,0
47,47,0,0,0,0,0,47,47,47,47,47,47,47,47,47,47,47,47,47,47,47,47,47,47,47,47,47,47,0,0,0,0,0,0
}

collision {
(0,0),(1120,-8),(1120,96),(1064,96),(1056,56),(992,56),(984,32),(872,32),(832,64),(768,64),(720,128),(648,128),(640,96),(624,96),(608,64),(544,64),(552,32),(416,32),(416,64),(320,64),(320,32),(128,32),(104,56),(96,80),(64,88),(40,112),(24,128),(16,160),(0,152),(0,0)
(0,608),(24,608),(56,576),(136,576),(160,544),(160,480),(128,448),(96,432),(88,408),(56,384),(24,384),(0,360),(0,608)
(968,496),(984,512),(1000,528),(1008,544),(1032,568),(1064,584),(1072,608),(1120,648),(1120,400),(1096,416),(1040,416),(1008,440),(976,448),(960,472),(968,496)
(904,520),(952,528),(952,512),(928,496),(920,488),(904,504),(904,520)
(520,512),(496,536),(488,568),(520,592),(544,608),(560,640),(624,640),(640,608),(656,608),(704,552),(704,520),(672,480),(560,480),(520,512)
(664,288),(640,256),(600,224),(560,256),(568,272),(576,312),(656,312),(664,288)
(336,184),(352,152),(320,136),(296,160),(304,184),(336,184)
(840,184),(864,168),(840,136),(808,152),(808,184),(840,184)
(360,600),(360,632),(400,632),(416,608),(384,584),(360,600)
(256,472),(240,448),(240,432),(216,424),(200,440),(200,456),(256,472)
(768,640),(784,664),(816,672),(832,656),(816,624),(784,624),(768,640)
(1024,872),(1000,840),(968,848),(968,880),(1000,888),(1024,872)
(512,936),(496,928),(496,920),(472,904),(448,936),(504,944),(512,936)
(312,912),(312,888),(288,872),(256,896),(264,920),(296,920),(312,912)
(704,832),(704,888),(696,920),(624,928),(608,904),(584,896),(576,848),(600,832),(704,832)
(0,1120),(1120,1128),(1120,960),(1112,960),(1072,1000),(1032,1040),(984,1056),(936,1088),(216,1088),(192,1064),(120,1056),(112,1032),(56,992),(56,960),(32,936),(24,904),(0,904),(0,1120)
(1120,960),(1120,776),(1120,960)
(0,904),(0,808),(0,904)
(1120,648),(1120,696),(1120,648)
(1120,104),(1120,408),(1120,104)
(0,608),(0,624),(0,608)
(0,152),(0,360),(0,152)
}

collisionPeople {
(0,288),(40,288),(64,304),(72,328),(88,336),(104,352),(120,360),(136,352),(288,352),(288,328),(384,328),(384,208),(264,208),(256,176),(168,176),(160,208),(0,208),(0,288)
(448,320),(480,328),(480,360),(512,360),(536,368),(544,360),(552,392),(568,408),(584,392),(704,392),(704,360),(736,360),(736,328),(792,328),(816,312),(832,328),(896,328),(896,296),(992,296),(992,184),(928,184),(928,216),(800,216),(800,240),(672,240),(672,320),(576,320),(568,288),(544,280),(544,248),(512,240),(512,208),(488,200),(480,208),(448,208),(448,320)
(1056,296),(1120,296),(1120,184),(1056,184),(1056,296)
(1120,696),(960,696),(960,760),(992,768),(1016,784),(1024,776),(1120,776),(1120,696)
(896,760),(864,768),(864,808),(832,792),(832,840),(736,840),(736,856),(704,832),(608,832),(600,816),(584,808),(504,808),(496,792),(480,808),(416,808),(400,792),(384,808),(360,792),(328,800),(312,816),(304,808),(256,808),(240,784),(224,800),(224,664),(312,664),(344,672),(352,696),(376,704),(400,736),(424,728),(808,728),(824,736),(832,696),(896,696),(896,760)
(160,808),(96,808),(80,792),(64,800),(40,800),(24,816),(0,808),(0,624),(72,624),(96,640),(96,664),(160,664),(160,808)
}

spawns {
(1,1040,904);(1,976,920);(1,504,968);(1,448,960);(1,696,952);(1,616,952);(1,312,960);(1,264,952);(1,656,1000);(1,1024,960);(0,800,128);(0,864,112);(0,824,88);(0,368,120);(0,288,112);(0,328,88);(0,576,200);(0,648,216);(0,624,168);(0,576,120);(2,912,552);(2,296,496);(2,936,80);(2,224,64);(2,1088,928);(2,192,968)
}

waypoints {
(928,792);(192,864);(216,912);(272,960);(360,976);(936,848);(944,904);(1000,944);(904,944);(840,952);(784,960);(728,976);(432,984);(504,984);(584,976);(928,744);(936,688);(928,632);(880,592);(840,560);(832,512);(872,472);(920,416);(968,376);(1016,344);(1024,288);(1024,224);(1024,160);(976,128);(920,104);(848,112);(784,120);(736,152);(680,184);(608,192);(560,152);(496,136);(424,144);(360,112);(416,200);(416,248);(416,304);(424,368);(464,416);(512,448);(592,440);(672,440);(736,456);(784,488);(416,432);(360,464);(304,504);(248,544);(208,600);(184,664);(192,792);(192,728);(776,584);(728,616);(680,648);(632,672);(568,672);(512,648);(464,608);(440,568);(400,512);(656,976);(296,96);(232,104);(168,128);(104,152);(304,416);(256,400);(960,600);(984,560)
}

guns {
(24,928,736);(24,416,272);(7,1024,224);(7,192,736);(16,984,552);(16,248,408);(23,616,440);(23,592,672);(18,976,920);(18,1040,904);(18,696,952);(18,616,952);(18,312,960);(18,448,960);(11,504,968);(11,264,952);(11,656,1000);(11,1024,960);(11,824,88);(11,576,120);(11,624,168);(11,328,88);(17,648,216);(17,576,200);(17,288,112);(17,368,120);(17,864,112);(17,800,128)
}
