info {
bg:1;
}

tiles {
2,2,2,2,2,2,2,2,2,2,2,2,2,1,1,1,1,1,1,1,1,1,1,1,1,1,1,1,1,1,1,1,1,1,1,1,1,1,1,1,1,1,1,1,1,1,1,1,1,1,1,1,1,1,1,1,1,1,1,1,1,1,1,1,1,1,1,1,1,1,1,1,1,1,1,1,1,1,1,1,1,1,1,1,1,1,1,1,1,1,1,1,1,1,1,1,2,2,2,2,2,2,2,2,2,2,2,2,2,2,2,2,2,2,2,2,2,2,2,2,2,2,2,2,2,2,2,2,2,2,2,2,2,2,2,2,2,2,2,2,2,1,1,1,1,1,1,1,1,1,1,1,1,1,1,1,1,1,1,1,1,1,1,1,1,1,1,1,1,1,1,1,1,1,1
2,71,52,52,52,52,52,72,31,12,18,12,2,1,1,1,1,1,1,1,1,1,1,1,1,1,1,1,1,1,1,1,1,1,1,1,1,1,1,1,1,1,1,1,1,1,1,1,1,1,1,1,1,1,1,1,1,1,1,1,1,1,1,1,1,1,1,1,1,1,1,1,1,1,1,1,1,1,1,1,1,1,1,1,1,1,1,1,1,1,1,1,1,1,1,1,2,2,2,2,2,2,2,2,2,2,2,2,2,2,2,2,2,2,2,2,2,2,2,2,2,2,2,2,2,2,2,2,2,2,2,2,2,2,2,2,2,2,2,2,2,1,1,1,1,1,1,1,1,1,1,1,1,1,1,1,1,1,1,1,1,1,1,1,1,1,1,1,1,1,1,1,1,1,1
2,49,1,137,1,137,1,1,12,12,12,43,2,1,1,1,1,1,1,1,1,1,1,1,1,1,1,1,1,1,1,1,1,1,1,1,1,1,1,1,1,1,1,1,1,1,1,1,1,1,1,1,1,1,1,1,1,1,1,1,1,1,1,1,1,1,1,1,1,1,1,1,1,1,1,1,1,1,1,1,1,1,1,1,1,1,1,1,1,1,1,1,1,1,1,1,2,2,2,2,2,2,2,2,2,2,2,2,2,2,2,2,2,2,2,2,2,2,2,2,2,2,2,2,2,2,2,2,2,2,2,2,2,2,2,2,2,2,2,2,2,2,2,2,2,2,2,2,2,2,2,2,2,2,2,2,2,2,2,2,2,2,2,2,2,2,2,2,2,2,2,2,2,1,1
2,49,54,51,51,53,1,50,125,28,28,28,2,1,1,1,1,1,1,1,1,1,1,1,1,1,1,1,1,1,1,1,1,1,1,1,1,1,1,1,1,1,1,1,1,1,1,1,1,1,1,1,1,1,1,1,1,1,1,1,1,1,1,1,1,1,1,1,1,1,1,1,1,1,1,1,1,1,1,1,1,1,1,1,1,1,1,1,1,1,1,1,1,1,1,1,2,2,2,2,2,2,2,2,2,2,2,2,2,2,2,2,2,2,2,2,2,2,2,2,2,2,2,2,2,2,2,2,2,2,2,2,2,2,2,2,2,2,2,2,2,2,2,2,2,2,2,2,2,2,2,2,2,2,2,2,2,2,2,2,2,2,2,2,2,2,2,2,2,2,2,2,2,1,1
2,49,50,20,20,69,53,55,52,52,72,21,2,1,1,1,1,1,1,1,1,1,1,1,1,1,1,1,1,1,1,1,1,1,1,1,1,1,1,1,1,1,1,1,1,1,1,1,1,1,1,1,1,1,1,1,1,1,1,1,1,1,1,1,1,1,1,1,1,1,1,1,1,1,1,1,1,1,1,1,1,1,1,1,1,1,1,1,1,1,1,1,1,1,1,1,2,2,2,2,2,2,2,2,2,2,2,2,2,2,2,2,2,2,2,2,2,2,2,2,2,2,2,2,2,21,21,21,71,72,19,19,19,19,2,2,2,2,2,2,2,2,2,2,2,2,2,2,2,2,2,2,2,2,2,2,2,2,2,2,2,2,2,2,2,2,2,2,2,2,2,2,2,1,1
2,49,55,72,20,20,49,137,1,54,70,21,2,1,1,1,1,1,1,1,1,1,1,1,1,1,1,1,1,1,1,1,1,1,1,1,1,1,1,1,1,1,1,1,1,1,1,1,1,1,1,1,1,1,1,1,1,1,1,1,1,1,1,1,1,1,1,1,1,1,1,1,1,1,1,1,1,1,1,1,1,1,1,1,1,1,1,1,1,1,1,1,1,1,1,1,2,2,2,2,2,2,2,2,2,2,2,2,2,2,2,2,2,2,2,2,2,2,2,2,2,2,2,2,2,21,21,21,49,55,72,19,19,19,2,2,2,2,2,2,2,2,2,2,2,2,2,2,2,2,2,2,2,2,2,2,2,2,2,2,2,2,2,2,2,2,2,2,2,2,2,2,2,1,1
2,49,1,55,52,52,56,1,54,70,21,21,2,1,1,1,1,1,1,1,1,1,1,1,1,1,1,1,1,1,1,1,1,1,1,1,1,1,1,1,1,1,1,1,1,1,1,1,1,1,1,1,1,1,1,1,1,1,1,1,1,1,1,1,1,1,1,1,1,1,1,1,1,1,1,1,1,1,1,1,1,1,1,1,1,1,1,1,1,1,1,1,1,1,1,1,2,2,2,2,2,2,2,2,2,2,2,2,2,2,2,2,2,2,2,2,2,2,2,2,2,2,2,2,2,21,21,21,49,1,55,52,52,72,2,2,2,2,2,2,2,2,2,2,2,2,2,2,2,2,2,2,2,2,2,2,2,2,2,2,2,2,2,2,2,2,2,2,2,2,2,2,2,1,1
2,69,51,51,51,51,51,51,70,21,21,21,2,1,1,1,1,1,1,1,1,1,1,1,1,1,1,1,1,1,1,1,1,1,1,1,1,1,1,1,1,1,1,1,1,1,1,1,1,1,1,1,1,1,1,1,1,1,1,1,1,1,1,1,1,1,1,1,1,1,1,1,1,1,1,1,1,1,1,1,1,1,1,1,1,1,1,1,1,1,1,1,1,1,1,1,2,2,2,2,2,2,2,2,2,2,2,2,2,2,2,2,2,2,2,2,2,2,2,2,2,2,2,2,2,21,21,21,49,1,1,1,1,50,2,2,2,2,2,2,2,2,2,2,2,2,2,2,2,2,2,2,2,2,2,2,2,2,2,2,2,2,2,2,2,2,2,2,2,2,2,2,2,1,1
2,2,2,2,2,2,2,2,2,2,2,2,2,1,1,1,1,1,1,1,1,1,1,1,1,1,1,1,1,1,1,1,1,1,1,1,1,1,1,1,1,1,1,1,1,1,1,1,1,1,1,1,1,1,1,1,1,1,1,1,1,1,1,1,1,1,1,1,1,1,1,1,1,1,1,1,1,1,1,1,1,1,1,1,1,1,1,1,1,1,1,1,1,1,1,1,2,2,2,2,2,2,2,2,2,2,2,2,2,2,2,2,2,2,2,2,2,2,2,2,2,2,2,2,2,71,52,52,56,1,1,1,1,50,2,2,2,2,2,2,2,2,2,2,2,2,2,2,2,2,2,2,2,2,2,2,2,2,2,2,2,2,2,2,2,2,2,2,2,2,2,2,2,1,1
1,1,1,1,1,1,1,1,1,1,1,1,1,1,1,1,1,1,1,1,1,1,1,1,1,1,1,1,1,1,1,1,1,1,1,1,1,1,1,1,1,1,1,1,1,1,1,1,1,1,1,1,1,1,1,1,1,1,1,1,1,1,1,1,1,1,1,1,1,1,1,1,1,1,1,1,1,1,1,1,1,1,1,1,1,1,1,1,1,1,1,1,1,1,1,1,2,2,2,2,2,2,2,2,2,2,2,2,2,2,2,2,2,2,2,2,2,2,2,2,2,33,33,33,33,49,1,1,1,1,1,1,1,50,2,2,2,2,2,2,2,2,2,2,2,2,2,2,2,2,2,2,2,2,2,2,2,2,2,2,2,2,2,2,2,2,2,2,2,2,2,2,2,1,1
1,1,1,1,1,1,1,1,1,1,1,1,1,1,1,1,1,1,1,1,1,1,1,1,1,1,1,1,1,1,1,1,1,1,1,1,1,1,1,1,1,1,1,1,1,1,1,1,1,1,1,1,1,1,1,1,1,1,1,1,1,1,1,1,1,1,1,1,1,1,1,1,1,1,1,1,1,1,1,1,1,1,1,1,1,1,1,1,1,1,1,1,1,1,1,1,2,2,2,2,2,2,2,2,2,2,2,2,2,2,2,2,2,2,2,2,2,2,2,2,2,33,33,33,33,49,1,1,1,1,1,1,1,50,2,2,2,2,2,2,2,2,2,2,2,2,2,2,2,2,2,2,2,2,2,2,2,2,2,2,2,2,2,2,2,2,2,2,2,2,2,2,2,1,1
1,1,1,1,1,1,1,1,1,1,1,1,1,1,1,1,1,1,1,1,1,1,1,1,1,1,1,1,1,1,1,1,1,1,1,1,1,1,1,1,1,1,1,1,1,1,1,1,1,1,1,1,1,1,1,1,1,1,1,1,1,1,1,1,1,1,1,1,1,1,1,1,1,1,1,1,1,1,1,1,1,1,1,1,1,1,1,1,1,1,1,1,1,1,1,1,2,2,2,2,2,2,2,2,2,2,2,2,2,2,2,2,2,2,2,2,2,2,2,2,2,33,33,33,33,49,1,1,1,1,1,1,1,50,2,2,2,2,2,2,2,2,2,2,2,2,2,2,2,2,2,2,2,2,2,2,2,2,2,2,2,2,2,2,2,2,2,2,2,2,2,2,2,1,1
1,1,1,1,1,1,1,1,1,1,1,1,1,1,1,1,1,1,1,1,1,1,1,1,1,1,1,1,1,1,1,1,1,1,1,1,1,1,1,1,1,1,1,1,1,1,1,1,1,1,1,1,1,1,1,1,1,1,1,1,1,1,1,1,1,1,1,1,1,1,1,1,1,1,1,1,1,1,1,1,1,1,1,1,1,1,1,1,1,1,1,1,1,1,1,1,2,2,2,2,2,2,2,2,2,2,2,2,2,2,2,2,2,2,2,2,2,2,2,2,2,33,33,33,33,49,1,1,1,1,1,1,1,50,2,2,2,2,2,2,2,2,2,2,2,2,2,2,2,2,2,2,2,2,2,2,2,2,2,2,2,2,2,2,2,2,2,2,2,2,2,2,2,1,1
1,1,1,1,1,1,1,1,1,1,1,1,1,1,1,1,1,1,1,1,1,1,1,1,1,1,1,1,1,1,1,1,1,1,1,1,1,1,1,1,1,1,1,1,1,1,1,1,1,1,1,1,1,1,1,1,1,1,1,1,1,1,1,1,1,1,1,1,1,1,1,1,1,1,1,1,1,1,1,1,1,1,1,1,1,1,1,1,1,1,1,1,1,1,1,1,2,2,2,2,2,2,2,2,2,2,2,2,85,81,81,81,81,81,81,81,81,81,81,81,81,81,81,81,81,12,12,12,12,12,12,12,12,79,2,2,2,2,2,2,2,2,2,2,2,71,52,52,52,52,52,52,52,52,52,52,52,52,52,52,72,2,2,2,2,2,2,2,2,2,2,2,2,1,1
1,1,1,1,1,1,1,1,1,1,1,1,1,1,1,1,1,1,1,1,1,1,1,1,1,1,1,1,1,1,1,1,1,1,1,1,1,1,1,1,1,1,1,1,1,1,1,1,1,1,1,1,1,1,1,1,1,1,1,1,1,1,1,1,1,1,1,1,1,1,1,1,1,1,1,1,1,1,1,1,1,1,1,1,1,1,1,1,1,1,1,1,1,1,1,1,2,2,2,2,2,2,2,2,2,2,2,2,78,12,12,12,12,12,12,12,12,12,12,12,12,12,12,12,12,12,12,12,12,12,12,12,12,79,2,2,2,97,98,99,100,101,2,2,2,49,1,1,1,1,1,1,1,1,1,1,1,1,1,1,50,2,2,2,2,2,2,2,2,2,2,2,2,1,1
2,2,2,2,2,2,2,2,2,2,2,2,2,2,2,2,2,2,2,2,2,2,2,2,2,2,2,2,2,2,2,2,2,2,2,2,2,2,2,2,2,2,2,2,2,2,2,2,2,2,2,2,2,2,2,2,2,2,2,2,2,2,2,2,2,2,2,2,2,2,2,2,2,2,2,2,2,2,2,2,2,2,2,2,2,2,2,2,2,2,2,2,2,2,2,2,2,2,2,2,2,2,2,2,2,2,2,2,78,12,12,12,12,12,12,12,12,12,12,12,12,12,12,12,12,12,12,12,12,12,12,12,12,79,2,2,2,102,103,104,105,106,2,2,2,49,1,1,1,1,1,137,1,1,1,1,137,1,1,1,50,2,2,2,2,2,2,2,2,2,2,2,2,1,1
2,2,2,2,2,2,2,2,2,2,2,2,2,2,2,2,2,2,2,2,2,2,2,2,2,2,2,2,2,2,2,2,2,2,2,2,2,2,2,2,2,2,2,2,2,2,2,2,2,2,2,2,2,2,2,2,2,2,2,2,2,2,2,2,2,2,2,2,2,2,2,2,2,2,2,2,2,2,2,2,2,2,2,2,2,2,2,2,2,2,2,2,2,2,2,2,2,2,2,2,2,2,2,2,2,2,2,2,78,12,12,12,12,12,12,12,12,12,12,12,12,12,12,12,12,12,12,12,12,12,12,12,12,79,2,2,2,107,108,109,110,111,2,2,2,49,1,137,1,1,1,1,1,1,1,1,1,1,1,1,50,2,2,2,2,2,2,2,2,2,2,2,2,1,1
2,2,2,2,2,2,2,2,2,2,2,2,2,2,2,2,2,2,2,2,2,2,2,2,2,2,2,2,2,2,2,2,2,2,2,2,2,2,2,2,2,2,2,2,2,2,2,2,2,2,2,2,2,2,2,2,2,2,2,2,2,2,2,2,2,2,2,2,2,2,2,2,2,2,2,2,2,2,2,2,2,2,2,2,2,2,2,2,2,2,2,2,2,2,2,2,2,2,2,2,2,2,2,2,2,2,2,2,78,12,12,12,12,12,12,12,12,12,12,12,12,12,12,12,12,12,12,12,12,12,12,12,12,79,2,2,2,113,114,115,116,117,2,2,2,49,1,1,1,1,1,1,1,1,1,1,1,1,1,1,50,2,2,2,2,2,2,2,2,2,2,2,2,1,1
2,2,2,2,2,2,2,2,2,2,2,2,2,2,2,2,2,2,2,2,2,2,2,2,2,2,2,2,2,2,2,2,2,2,2,2,2,2,2,2,2,2,2,2,2,2,2,2,2,2,2,2,2,2,2,2,2,2,2,2,2,2,2,2,2,2,2,2,2,2,2,2,2,2,2,2,2,2,2,2,2,2,2,2,2,2,2,2,2,2,2,2,2,2,2,2,2,2,2,2,2,2,2,2,2,2,2,2,78,12,12,12,12,12,12,12,12,12,12,12,12,12,12,12,12,12,12,12,12,12,12,12,12,79,2,2,2,118,119,120,121,122,2,2,2,49,1,1,1,1,1,1,1,1,1,1,1,137,1,1,50,2,2,2,2,2,2,2,2,2,2,2,2,1,1
2,2,2,2,2,2,2,2,2,2,2,2,2,2,2,2,2,2,2,2,2,2,2,2,2,2,2,2,2,2,2,2,2,2,2,2,2,2,2,2,2,2,2,2,2,2,2,2,2,2,2,2,2,2,2,2,2,2,2,2,2,2,2,2,2,2,2,2,2,2,2,2,2,2,2,2,2,2,2,2,2,2,2,2,2,2,2,2,2,2,2,2,2,2,2,2,2,2,2,2,2,2,2,2,2,2,2,2,78,12,12,12,12,12,12,12,12,12,12,12,12,12,12,12,12,12,12,12,12,12,12,12,12,79,2,2,2,2,2,2,2,2,2,2,2,49,1,1,1,1,1,1,1,1,1,1,1,1,1,1,50,2,2,2,2,2,2,2,2,2,2,2,2,1,1
2,2,2,2,2,2,2,2,2,2,2,2,2,2,2,2,2,2,2,2,2,2,2,2,2,2,2,2,2,2,2,2,2,2,2,2,2,2,2,2,2,2,2,2,2,2,2,2,2,2,2,2,2,2,2,2,2,2,2,2,2,2,2,2,2,2,2,2,2,2,2,2,2,2,2,2,2,2,2,2,2,2,2,2,2,2,2,2,2,2,2,2,2,2,2,2,2,2,2,2,2,2,2,2,2,2,2,2,78,12,12,12,12,12,12,12,12,12,12,12,12,12,12,12,12,12,12,12,12,81,81,81,81,81,89,2,2,2,2,2,2,2,2,2,75,56,1,1,1,1,1,1,1,1,1,1,1,1,1,1,50,2,2,2,2,2,2,2,2,2,2,2,2,1,1
2,2,2,2,2,2,2,2,2,2,2,2,2,2,2,2,2,2,2,2,2,2,2,2,2,2,2,2,2,2,2,2,2,2,2,2,2,2,2,2,2,2,2,2,2,2,2,2,2,2,2,2,2,2,2,2,2,2,2,2,2,2,2,2,2,2,2,2,2,2,2,2,2,2,2,2,2,2,2,2,2,2,2,2,2,2,2,2,2,2,2,2,2,2,2,2,2,2,2,2,2,2,2,2,2,2,2,2,49,1,1,1,1,1,1,1,1,1,1,1,1,1,1,1,1,1,1,1,1,1,1,1,1,1,55,52,52,52,52,52,52,52,52,52,56,1,1,1,1,1,1,1,1,1,1,1,1,1,1,1,50,2,2,2,2,2,2,2,2,2,2,2,2,1,1
2,2,2,2,2,2,2,2,2,2,2,2,2,2,2,2,2,2,2,2,2,2,2,2,2,2,2,2,2,2,2,2,2,2,2,2,2,2,2,2,2,2,2,2,2,2,2,2,2,2,2,2,2,2,2,2,2,2,2,2,2,2,2,2,2,2,2,2,2,2,2,2,2,2,2,2,2,2,2,2,2,2,2,2,2,2,2,2,2,2,2,2,2,2,2,2,2,2,2,2,2,2,2,2,2,2,2,2,49,1,1,1,1,1,1,1,1,1,1,1,1,1,1,1,1,1,1,1,1,1,1,1,1,1,1,1,1,1,1,1,1,1,1,1,1,1,1,1,1,1,1,1,1,1,1,1,1,1,1,1,50,2,2,2,2,2,2,2,2,2,2,2,2,1,1
2,2,2,2,2,2,2,2,2,2,2,2,2,2,2,2,2,2,2,2,2,2,2,2,2,2,2,2,2,2,2,2,2,2,2,2,2,2,2,2,2,2,2,2,2,2,2,2,2,2,2,2,2,2,2,2,2,2,2,2,2,2,2,2,2,2,2,2,2,2,2,2,2,2,2,2,2,2,2,2,2,2,2,2,2,2,2,2,2,2,2,2,2,2,2,2,2,2,2,2,2,2,2,2,2,2,2,2,49,1,1,1,1,1,1,1,1,1,1,1,1,1,1,1,1,1,1,1,1,1,1,1,1,1,1,1,1,1,1,1,1,1,1,1,1,1,1,1,1,1,1,1,1,1,1,1,1,1,1,1,50,2,2,2,2,2,2,2,2,2,2,2,2,1,1
2,2,2,2,2,2,2,2,2,2,2,2,2,2,2,2,2,2,2,2,2,2,2,2,2,2,2,2,2,2,2,2,2,2,2,2,2,2,2,2,2,2,2,2,2,2,2,2,2,2,2,2,2,2,2,2,2,2,2,2,2,2,2,2,2,2,2,2,2,2,2,2,2,2,2,2,2,2,2,2,2,2,2,2,2,2,2,2,2,2,2,2,2,2,2,2,2,2,2,2,2,2,2,2,2,2,2,2,49,1,1,1,1,1,1,1,1,1,1,1,1,1,1,1,1,1,1,1,1,1,1,1,1,1,1,1,1,1,1,1,1,1,1,1,1,1,1,137,1,1,1,1,1,1,1,1,1,1,1,1,50,2,2,2,2,2,2,2,2,2,2,2,2,1,1
2,2,2,2,2,2,2,2,2,2,2,2,2,2,2,2,2,2,2,2,2,2,2,2,2,2,2,2,2,2,2,2,2,2,2,2,2,2,2,2,2,2,2,2,2,2,2,2,2,2,2,2,2,2,2,2,2,2,2,2,2,2,2,2,2,2,2,2,2,2,2,2,2,2,2,2,2,2,2,2,2,2,2,2,2,2,2,2,2,2,2,2,2,2,2,2,2,2,2,2,2,2,2,2,2,2,2,2,49,1,1,1,1,1,1,1,1,1,1,1,1,1,1,1,1,1,1,1,1,1,1,1,1,1,1,1,1,1,1,1,1,1,1,1,1,1,1,1,1,1,1,1,1,1,1,1,1,1,1,1,50,2,2,2,2,2,2,2,2,2,2,2,2,1,1
2,2,2,2,2,2,2,2,2,2,2,2,2,2,2,2,2,2,2,2,2,2,2,2,2,2,2,2,2,2,2,2,2,2,2,2,2,2,2,2,2,2,2,2,2,2,2,2,2,2,2,2,2,2,2,2,2,2,2,2,2,2,2,2,2,2,2,2,2,2,2,2,2,2,2,2,2,2,2,2,2,2,2,2,2,2,2,2,2,2,2,2,2,2,2,2,2,2,2,2,2,2,2,2,2,2,2,2,49,1,1,1,1,1,1,1,1,1,1,1,1,1,1,1,1,1,1,1,1,1,1,1,1,1,1,1,1,1,1,1,1,1,1,1,1,1,1,1,1,1,1,1,1,137,1,1,1,1,1,1,50,2,2,2,2,2,2,2,2,2,2,2,2,1,1
2,2,2,2,2,2,2,2,2,2,2,2,2,2,2,2,2,2,2,2,2,2,2,2,2,2,2,2,2,2,2,2,2,2,2,2,2,2,2,2,2,2,2,2,2,2,2,2,2,2,2,2,2,2,2,2,2,2,2,2,2,2,2,2,2,2,2,2,2,2,2,2,2,2,2,2,2,2,2,2,2,2,2,2,2,2,2,2,2,2,2,2,2,2,2,2,2,2,2,2,2,2,2,2,2,2,2,2,49,1,1,1,1,1,1,47,28,28,28,28,28,28,28,28,28,28,28,28,28,28,52,52,52,28,28,28,28,2,1,1,1,1,1,1,1,1,1,1,1,1,1,1,1,1,1,1,1,1,1,1,50,2,2,2,2,2,2,2,2,2,2,2,2,1,1
2,2,2,2,2,2,2,2,2,2,2,2,2,2,2,2,2,2,2,2,2,2,2,2,2,2,2,2,2,2,2,2,2,2,2,2,2,2,2,2,2,2,2,2,2,2,2,2,2,2,2,2,2,2,2,2,2,2,2,2,2,2,2,2,2,2,2,2,2,2,2,2,2,2,2,2,2,2,2,2,2,2,2,2,2,2,2,2,2,2,2,19,19,82,82,82,2,2,2,2,82,82,2,2,2,2,2,2,49,1,1,1,1,1,1,30,50,1,54,1,1,50,21,21,21,21,21,49,55,52,52,52,52,52,56,1,50,1,1,1,1,1,1,1,1,1,1,1,137,1,1,1,1,1,1,1,1,1,1,1,50,2,2,2,2,2,2,2,2,2,2,2,2,1,1
2,2,2,2,2,2,2,2,2,2,2,2,2,2,2,2,2,2,2,2,2,2,2,2,2,2,2,2,2,2,2,2,2,2,2,2,2,2,2,2,2,2,2,2,2,2,2,2,2,2,2,2,2,2,2,2,2,2,2,2,2,2,2,2,2,2,2,2,2,2,2,2,2,2,2,2,2,2,2,2,2,2,2,2,2,2,2,2,2,2,2,19,19,82,82,82,82,82,2,2,82,82,82,20,2,2,2,2,49,1,1,1,1,1,1,30,50,1,50,1,54,50,21,21,21,21,21,49,50,55,52,52,52,56,50,1,50,1,1,1,1,1,1,1,1,1,1,1,1,1,1,1,1,1,1,1,1,1,1,1,50,2,2,2,2,2,2,2,2,2,2,2,2,1,1
2,2,2,2,2,2,2,2,2,2,2,2,2,2,2,2,2,2,2,2,2,2,2,2,2,2,2,2,2,2,2,2,2,2,2,2,2,2,2,2,2,2,2,2,2,2,2,2,2,2,2,2,2,2,2,2,2,2,2,2,2,2,2,2,2,2,2,2,2,2,19,19,19,21,21,21,71,52,52,52,52,52,52,52,52,52,52,52,52,72,82,19,19,82,82,82,82,82,82,2,82,82,82,20,20,20,82,82,82,82,82,82,82,82,82,82,50,1,50,1,50,50,21,21,21,21,71,56,50,1,54,1,50,1,50,1,50,1,1,1,1,1,1,1,1,1,1,1,1,1,1,1,1,1,1,1,1,1,1,1,50,2,2,2,2,2,2,2,2,2,2,2,2,1,1
2,2,2,2,2,2,2,2,2,2,2,2,2,2,2,2,2,2,2,2,2,2,2,2,2,2,2,2,2,2,2,2,2,2,2,2,2,2,2,2,2,2,2,2,2,2,2,2,2,2,2,2,2,2,2,2,2,2,2,2,71,52,52,52,52,72,21,21,21,2,19,19,19,21,21,71,56,1,1,1,1,1,1,1,1,1,1,1,1,50,82,82,82,82,82,82,82,82,82,82,82,82,82,82,82,20,82,82,82,82,82,82,82,82,3,3,50,1,50,1,50,55,52,52,52,52,56,1,50,1,50,1,50,1,50,1,50,1,1,1,1,1,1,1,1,1,1,1,1,1,1,1,1,1,1,1,1,1,1,1,50,2,2,2,2,2,2,2,2,2,2,2,2,1,1
2,2,2,2,2,2,2,2,2,2,2,2,2,2,2,2,2,2,2,2,2,2,2,2,2,2,2,2,2,2,2,2,2,2,2,2,2,2,2,2,2,2,2,2,2,2,2,2,2,2,2,2,2,2,2,2,2,2,2,2,49,1,1,1,1,55,72,21,21,2,19,19,19,71,52,56,1,12,12,12,12,12,12,12,12,12,12,12,12,12,3,3,3,3,3,3,3,3,3,82,82,82,3,3,3,3,3,3,3,3,3,82,82,3,3,3,50,1,50,1,50,1,50,1,50,1,50,1,50,1,50,1,50,1,50,1,50,1,1,1,1,1,1,1,1,1,1,1,1,1,1,1,1,1,1,1,1,1,1,1,50,2,2,2,2,2,2,2,2,2,2,2,2,1,1
2,2,2,2,2,2,2,2,2,2,2,2,2,2,2,2,2,2,2,2,2,2,2,2,2,2,2,2,2,2,2,2,2,2,2,2,2,2,2,2,2,2,2,2,2,2,2,2,2,2,2,2,2,2,2,2,2,2,2,2,49,1,1,1,1,1,55,52,72,2,71,52,52,56,12,12,12,12,12,12,12,12,12,12,12,12,12,12,12,12,3,3,3,3,3,3,3,3,3,3,3,3,3,3,3,3,3,3,3,3,3,3,3,3,3,3,50,1,50,1,50,1,50,1,50,1,50,1,50,1,50,1,50,1,50,1,50,1,1,1,1,1,1,1,1,1,1,1,1,1,1,1,1,1,1,1,1,1,1,1,50,2,2,2,2,2,2,2,2,2,2,2,2,1,1
2,2,2,2,2,2,2,2,2,2,2,2,2,2,2,2,2,2,2,2,2,2,2,2,2,2,2,2,2,2,2,2,2,2,2,2,2,2,2,2,2,2,2,2,2,2,2,2,2,2,2,2,2,2,2,2,2,2,2,2,49,1,1,1,1,1,1,1,50,2,49,1,12,12,12,12,12,12,12,12,12,12,12,12,12,12,12,12,12,12,3,3,3,3,82,82,3,3,21,3,3,3,3,3,82,82,82,3,3,3,3,3,3,3,3,3,50,1,50,1,50,1,50,1,50,1,50,1,50,1,50,1,50,1,50,1,50,1,1,1,1,1,1,1,1,1,1,1,1,1,1,1,1,1,1,1,1,1,1,1,50,2,2,2,2,2,2,2,2,2,2,2,2,1,1
2,2,2,2,2,2,2,2,2,2,2,2,2,2,2,2,2,2,2,2,2,2,2,2,2,2,2,2,2,2,2,2,2,2,2,2,2,2,2,2,2,2,2,2,2,2,2,2,2,2,2,2,2,2,2,2,2,2,2,2,49,1,1,1,54,51,53,1,50,2,49,12,12,12,12,12,12,12,1,1,12,12,12,12,1,1,1,1,1,50,82,82,82,82,82,82,82,21,21,21,82,82,82,82,82,82,82,82,82,82,82,82,82,3,3,3,50,1,50,1,50,1,50,1,50,1,50,1,50,1,50,1,50,1,50,1,50,1,1,1,1,1,1,1,1,1,1,1,1,1,1,1,1,1,1,1,1,1,1,1,50,2,2,2,2,2,2,2,2,2,2,2,2,1,1
2,2,2,2,2,2,2,2,2,2,2,2,2,2,2,2,2,2,2,2,2,2,2,2,2,2,2,2,2,2,2,2,2,2,2,2,2,2,2,2,2,2,2,2,2,2,2,2,2,2,2,2,2,2,2,2,2,2,2,2,49,1,1,1,50,2,49,1,50,2,49,12,12,12,12,12,54,51,51,51,51,51,51,51,51,51,51,51,51,70,82,82,82,82,82,82,82,21,21,21,82,82,82,20,20,20,82,82,82,82,82,82,82,82,82,82,55,1,55,1,55,1,55,1,55,1,55,1,55,1,55,1,55,1,55,1,55,1,1,1,1,1,1,1,1,1,1,1,1,1,1,1,1,1,1,1,1,1,1,1,50,2,2,2,2,2,2,2,2,2,2,2,2,1,1
2,2,2,2,2,2,2,2,2,2,2,2,2,2,2,2,2,2,2,2,2,2,2,2,2,2,2,2,2,2,2,2,2,2,2,2,2,2,2,2,2,2,2,2,2,2,2,2,2,2,2,2,2,2,2,2,2,2,2,2,49,1,1,1,50,2,49,1,50,2,69,81,81,81,81,81,70,2,2,2,2,2,2,2,2,2,2,2,2,2,24,24,24,24,24,24,2,2,2,2,2,2,2,2,2,2,2,2,49,1,1,1,1,1,1,30,69,51,51,51,51,51,51,51,51,51,51,51,51,51,51,51,51,51,51,51,51,51,51,51,51,51,51,51,51,51,53,1,1,1,1,1,1,1,1,1,54,51,51,51,70,2,2,2,2,2,2,2,2,2,2,2,2,1,1
2,2,2,2,2,2,2,2,2,2,2,2,2,2,2,2,2,2,2,2,2,2,2,2,2,2,2,2,2,2,2,2,2,2,2,2,2,2,2,2,2,2,2,2,2,2,2,2,2,2,2,2,2,2,2,2,2,2,2,2,49,1,1,1,50,2,49,1,50,2,1,12,12,12,12,12,1,2,71,52,52,52,52,52,52,52,52,52,52,52,1,1,1,1,1,50,19,2,2,2,2,2,2,2,2,2,2,2,49,1,1,1,1,1,50,2,2,2,2,2,2,2,2,2,2,2,2,2,2,2,2,2,2,2,2,2,2,2,2,2,2,2,2,2,2,2,78,12,12,12,12,12,12,1,1,1,50,21,21,21,21,2,2,2,2,2,2,2,2,2,2,2,2,1,1
2,2,2,2,2,2,2,2,2,2,2,2,2,2,2,2,2,2,2,2,2,2,2,2,2,2,2,2,2,2,2,2,2,2,2,2,2,2,2,2,2,2,2,2,2,2,2,2,2,2,2,71,52,52,52,52,52,72,2,2,82,82,82,82,82,2,49,1,50,2,51,81,81,81,81,81,51,2,49,54,51,51,51,51,51,51,51,51,51,51,51,53,1,1,1,50,19,2,2,2,2,2,2,2,2,2,2,2,49,1,1,1,1,1,50,2,2,2,2,2,2,2,2,2,2,2,2,2,2,2,2,2,2,2,2,2,2,2,2,2,2,2,2,2,2,2,78,12,12,12,12,12,12,1,1,1,50,21,21,21,21,2,2,2,2,2,2,2,2,2,2,2,2,1,1
2,2,2,2,2,2,2,2,2,2,2,2,2,2,2,2,2,2,2,2,2,2,2,2,2,2,2,2,2,2,2,2,2,2,2,2,2,2,2,2,2,2,2,2,2,2,2,2,2,2,2,49,1,1,1,1,1,50,2,2,52,52,52,52,52,2,49,1,50,2,1,12,12,12,12,12,1,2,49,50,2,2,2,2,2,2,2,2,2,2,2,3,3,3,3,3,2,2,2,2,2,2,2,2,2,2,2,2,49,1,1,1,1,1,50,2,2,2,2,2,2,2,2,2,2,2,2,2,2,2,2,2,2,2,2,2,2,2,2,2,2,2,2,2,2,2,78,12,12,12,12,12,12,1,1,1,50,21,21,21,21,2,2,2,2,2,2,2,2,2,2,2,2,1,1
2,2,2,2,2,71,52,52,52,74,2,2,2,2,2,75,52,52,52,81,81,30,71,52,52,72,82,82,82,82,82,82,82,82,82,82,71,52,52,52,52,72,82,82,82,82,82,82,82,82,82,49,1,1,1,1,1,50,2,2,82,82,82,82,82,2,49,1,50,2,51,81,81,81,81,81,51,2,49,50,2,2,2,2,2,2,2,2,2,2,2,3,3,3,3,3,2,2,2,2,2,2,2,2,2,2,2,2,49,1,1,1,1,1,50,2,2,2,2,2,2,2,2,2,2,2,2,2,2,2,2,2,2,2,2,2,2,2,2,2,2,2,2,2,2,2,78,12,12,12,12,12,12,1,1,1,50,21,21,21,21,2,2,2,2,2,2,2,2,2,2,2,2,1,1
2,2,2,2,2,49,137,1,1,55,52,52,52,52,52,56,1,1,1,12,12,30,49,1,1,50,82,82,82,82,82,82,82,82,82,82,49,1,1,1,1,50,82,82,82,82,82,82,82,82,82,49,1,1,1,1,1,50,2,2,52,52,52,52,52,2,49,1,50,2,1,12,12,12,12,12,1,2,49,50,2,2,2,2,2,2,2,2,2,2,2,3,3,3,3,3,2,2,2,2,2,2,2,2,2,2,2,2,49,1,1,1,1,1,50,2,2,2,2,2,2,2,2,2,2,2,2,2,2,2,2,2,2,2,2,2,2,2,2,2,2,2,2,2,2,2,78,12,12,12,12,12,12,1,1,1,55,52,52,52,72,2,2,2,2,2,2,2,2,2,2,2,2,1,1
2,2,2,2,2,49,1,1,1,1,1,1,1,1,1,1,1,1,1,12,12,30,49,1,54,70,82,82,82,82,82,82,82,82,82,82,69,51,51,51,51,70,82,82,82,82,82,82,82,82,82,69,51,51,51,51,51,70,2,2,82,82,82,82,82,2,49,1,50,2,51,81,81,81,81,81,51,2,49,50,2,2,2,2,2,2,2,2,2,2,2,3,3,3,3,3,2,2,2,2,2,2,2,2,2,2,2,2,49,1,1,1,1,1,50,2,2,2,2,2,2,2,2,2,2,2,2,2,2,2,2,2,2,2,2,2,2,2,2,2,2,2,2,2,2,2,78,12,12,12,12,12,12,1,1,1,1,1,1,1,50,2,2,2,2,2,2,2,2,2,2,2,2,1,1
2,2,2,2,2,49,1,1,1,12,12,12,12,12,12,12,1,1,1,12,12,30,49,1,50,2,2,2,2,2,2,2,2,2,2,2,2,2,2,2,2,2,2,2,2,2,2,2,2,2,2,82,82,82,82,82,82,82,2,2,71,52,52,52,72,2,49,1,50,2,1,12,12,12,12,12,1,2,49,50,2,2,2,2,2,2,2,2,2,2,2,3,3,3,3,3,2,2,2,2,2,2,2,2,2,2,2,2,69,51,51,53,1,1,50,2,2,2,2,2,2,2,2,2,2,2,2,2,2,2,2,2,2,2,2,2,2,2,2,2,2,2,2,2,2,2,78,12,12,12,12,12,130,51,51,51,51,51,51,51,70,2,2,2,2,2,2,2,2,2,2,2,2,1,1
2,2,2,2,2,49,1,1,1,12,12,12,12,12,12,12,12,1,1,12,12,12,1,1,50,2,2,2,2,2,2,2,2,2,2,2,2,2,2,2,2,2,2,2,2,2,2,2,2,2,2,82,82,82,82,82,82,82,82,82,49,1,1,1,50,2,49,1,50,2,51,81,81,81,81,81,51,2,49,50,2,2,2,2,2,2,2,2,2,2,2,3,3,3,3,3,2,2,2,2,2,2,2,2,2,2,2,2,19,19,20,49,1,1,50,2,2,2,2,2,2,2,2,2,2,2,2,2,2,2,2,2,2,2,2,2,2,2,2,2,2,2,2,2,2,2,78,12,12,12,12,12,79,2,2,2,2,2,2,2,2,2,2,2,2,2,2,2,2,2,2,2,2,1,1
2,2,2,2,2,49,1,1,1,12,12,12,12,12,12,12,12,12,12,12,12,12,1,1,50,2,2,2,2,97,98,99,100,101,2,2,2,2,2,2,21,21,21,82,2,2,2,2,2,2,2,71,52,52,52,52,52,72,82,82,49,1,1,54,70,2,49,1,50,2,1,12,12,12,12,12,1,2,49,50,2,2,2,2,2,2,2,2,2,2,2,3,3,3,3,3,2,2,2,2,2,2,2,2,2,2,2,2,21,21,20,49,1,1,50,2,2,2,2,2,2,2,2,2,2,2,2,2,33,33,33,2,2,2,2,2,2,2,2,2,2,2,2,2,2,2,78,12,12,12,12,12,79,2,2,2,2,2,2,2,2,2,2,2,2,2,2,2,2,2,2,2,2,1,1
2,2,2,2,2,49,1,1,1,12,12,12,12,12,12,12,12,12,12,12,12,12,1,1,50,2,2,2,2,102,103,104,105,106,2,2,2,2,2,2,21,21,21,82,2,2,2,2,2,2,2,49,1,1,1,1,1,50,82,82,49,1,54,70,21,2,49,1,50,2,51,81,81,81,81,81,51,2,49,50,2,2,2,2,2,2,2,2,2,2,2,3,3,3,3,3,2,2,2,2,2,2,2,2,2,2,2,2,21,21,20,49,1,1,50,2,2,2,2,2,2,2,2,2,2,2,2,2,33,33,33,2,2,2,2,2,2,2,2,2,2,2,2,2,2,2,78,12,12,12,12,12,79,2,2,2,2,2,2,2,2,2,2,2,2,2,2,2,2,2,2,2,2,1,1
2,2,2,2,2,69,53,1,1,12,12,12,12,12,12,12,12,12,12,12,12,12,1,1,50,2,2,2,2,107,108,109,110,111,2,2,2,2,2,2,21,21,71,72,2,2,2,2,2,2,2,49,1,1,1,1,1,50,82,82,49,1,50,21,21,2,49,1,50,2,1,12,12,12,12,12,1,2,49,50,2,2,2,2,2,2,2,2,2,2,2,3,3,3,3,3,2,2,2,2,2,2,2,2,2,2,2,2,20,20,20,49,1,1,50,2,2,2,2,2,2,2,2,2,2,2,2,2,33,33,21,21,21,21,21,71,52,52,52,52,52,52,52,52,52,81,131,12,12,12,12,12,132,84,22,2,2,2,2,2,2,2,2,2,2,2,2,2,2,2,2,2,2,1,1
33,33,33,33,33,33,49,1,1,1,12,12,12,12,12,1,1,12,12,12,12,30,49,1,50,2,2,2,2,113,114,115,116,117,2,2,2,2,2,2,71,52,56,50,2,2,2,2,2,2,2,69,53,1,1,54,51,70,82,82,69,51,70,21,21,2,49,1,50,2,51,81,81,81,81,81,51,2,49,50,2,2,2,2,2,2,2,2,2,2,2,3,3,3,3,3,2,2,2,2,2,2,2,2,2,2,2,2,20,20,20,49,1,1,50,2,2,2,2,2,2,2,2,2,2,2,2,2,2,2,21,21,21,21,21,49,1,137,1,1,1,1,1,1,1,12,12,12,12,12,12,12,12,79,22,2,2,2,2,2,2,2,2,2,2,2,2,2,2,2,2,2,2,1,1
33,33,33,33,33,33,49,1,1,1,12,12,12,12,12,1,1,1,1,12,12,30,49,1,50,2,2,2,2,118,119,120,121,122,2,2,2,2,2,2,49,1,1,50,2,2,2,2,2,2,2,2,49,1,1,50,2,2,2,2,2,2,2,2,2,2,49,1,55,52,56,12,12,12,12,12,55,52,56,50,2,2,2,2,2,2,20,20,3,3,3,3,3,3,3,3,3,3,3,2,2,2,2,2,2,2,2,2,21,21,71,56,1,1,50,2,2,2,2,2,2,2,2,2,2,2,2,2,2,2,21,21,21,71,52,56,1,1,1,1,1,1,1,1,1,12,12,12,12,12,12,12,12,79,22,2,2,2,2,2,2,2,2,2,2,2,2,2,2,2,2,2,2,1,1
33,33,33,33,33,33,49,1,1,1,12,12,12,12,12,1,1,1,1,12,12,30,49,1,50,2,2,2,2,2,2,2,2,2,2,2,2,2,2,2,49,1,1,50,2,2,2,2,2,2,2,71,56,1,1,55,52,72,2,2,71,52,52,52,52,52,56,1,1,1,1,12,12,12,12,12,1,1,1,50,2,2,2,2,2,2,20,20,3,3,3,3,3,3,3,3,3,3,3,2,2,2,2,2,2,2,2,2,21,71,56,1,1,1,50,2,2,2,2,2,2,2,2,2,2,2,2,2,2,2,71,52,52,56,1,1,1,1,1,1,1,1,1,1,1,12,12,12,12,12,12,12,12,79,22,2,2,2,2,2,2,2,2,2,2,2,2,2,2,2,2,2,2,1,1
33,33,33,33,33,33,49,1,1,1,12,12,12,12,12,1,1,1,1,12,12,30,49,1,50,2,2,2,2,2,2,2,2,2,2,2,2,2,2,2,49,1,1,50,2,2,2,2,2,2,2,49,1,1,1,1,1,50,2,2,49,1,1,1,1,1,1,1,1,1,12,12,12,12,12,12,12,1,1,50,2,2,2,2,2,2,3,3,3,3,3,3,3,3,3,3,3,3,3,2,2,2,2,2,2,2,2,2,71,56,1,1,1,1,50,2,2,2,2,2,2,2,2,2,2,2,2,2,2,2,49,1,1,1,1,1,1,1,1,1,1,1,1,1,1,12,12,12,12,12,12,12,12,79,22,52,52,52,52,72,21,21,21,2,2,2,2,2,2,2,2,2,2,1,1
33,33,33,33,33,33,49,1,1,12,12,12,12,12,12,1,1,1,1,12,12,30,49,1,50,2,2,2,2,2,2,2,2,2,2,2,2,2,2,2,49,1,1,55,52,52,52,52,52,52,52,56,1,1,1,54,51,70,2,2,49,1,1,1,1,1,1,1,1,12,12,12,12,12,12,12,12,1,1,50,2,2,2,2,2,2,3,3,3,3,3,3,3,3,3,3,3,3,3,3,3,20,20,20,3,3,3,3,56,1,1,1,1,1,50,2,2,2,2,2,2,2,2,2,2,2,2,2,2,2,77,53,1,1,1,1,1,1,1,1,1,1,1,1,1,12,12,12,12,12,12,12,12,79,22,1,1,1,1,50,21,21,21,2,2,2,2,2,2,2,2,2,2,1,1
33,33,33,33,33,33,49,1,1,12,12,12,12,12,12,12,1,1,1,12,12,30,49,1,55,52,52,52,52,52,52,52,52,52,52,52,52,52,52,52,56,1,1,1,1,1,1,1,1,1,1,1,1,1,1,50,21,21,2,2,49,1,1,1,1,1,1,1,12,12,12,12,12,12,12,12,1,1,1,50,2,2,2,2,2,2,3,3,3,3,3,3,3,3,3,3,3,3,3,3,3,20,20,20,3,3,3,3,1,1,1,1,1,1,50,2,2,2,2,2,2,2,2,2,2,2,2,2,2,2,2,49,1,1,1,1,1,1,1,1,1,1,1,1,1,12,12,12,12,12,12,12,12,12,50,1,1,1,1,50,21,21,21,2,2,2,2,2,2,2,2,2,2,1,1
2,2,2,2,2,71,56,1,1,1,12,12,12,12,12,12,1,1,1,12,12,30,69,51,51,51,51,51,51,51,51,51,51,51,51,51,51,51,51,51,1,1,1,1,1,1,1,1,1,1,1,1,1,1,1,50,21,21,2,2,49,1,1,1,1,1,12,12,12,12,12,12,12,12,12,12,1,1,1,50,2,2,2,2,2,2,3,3,3,3,3,3,3,3,3,3,3,3,3,3,3,20,20,3,3,3,3,3,1,1,1,1,1,1,50,2,2,2,2,2,2,2,2,2,2,2,2,2,2,2,2,49,1,1,1,1,1,1,1,1,1,1,1,1,1,12,12,12,12,12,12,12,12,12,50,1,1,1,1,50,21,21,21,2,2,2,2,2,2,2,2,2,2,1,1
2,2,2,2,2,69,51,51,53,1,12,12,12,12,12,12,12,12,12,12,12,45,29,29,29,29,29,29,29,29,29,29,29,29,29,29,29,29,29,29,12,12,12,12,12,12,12,12,12,12,12,1,1,1,1,50,21,21,2,2,49,1,1,1,12,12,12,12,12,12,12,12,12,12,12,1,1,1,1,50,2,2,2,2,2,2,3,3,3,3,3,3,3,3,3,3,3,3,3,3,3,3,3,3,3,3,3,3,1,1,1,1,1,1,50,2,2,2,2,2,2,2,2,2,2,2,2,2,2,2,2,49,1,1,1,1,1,1,1,1,1,1,1,1,1,12,12,12,12,12,12,12,12,12,50,1,1,1,1,55,52,52,72,2,2,2,2,2,2,2,2,2,2,1,1
2,2,2,2,2,19,19,19,49,1,12,12,12,12,12,12,12,12,12,12,12,12,12,12,12,12,12,12,12,12,12,12,12,12,12,12,12,12,12,12,12,12,12,12,12,12,12,12,12,12,12,12,12,12,12,132,81,81,81,81,131,12,12,12,12,12,12,12,12,12,12,12,12,12,1,1,1,1,1,50,2,2,2,2,2,2,3,3,3,3,3,3,3,3,3,3,3,3,3,3,3,3,3,3,3,3,3,3,1,1,1,1,1,1,50,2,2,2,2,2,2,2,2,2,2,2,2,2,2,2,75,56,1,1,1,1,1,1,1,1,1,1,1,1,1,12,12,12,12,12,12,12,12,12,50,1,1,1,1,1,1,54,70,2,2,2,2,2,2,2,2,2,2,1,1
2,2,2,2,2,19,19,19,49,1,12,12,12,12,12,12,12,12,12,12,12,12,12,12,12,12,12,12,12,12,12,12,12,12,12,12,12,12,12,12,12,12,12,12,12,12,12,12,12,12,12,12,12,12,12,12,12,12,12,12,12,12,12,12,12,12,12,12,12,12,12,12,12,1,1,1,1,1,1,50,2,2,2,2,2,2,3,3,3,3,3,3,3,3,3,3,3,3,3,3,3,3,3,3,3,3,3,3,1,1,1,1,1,1,50,2,2,2,2,2,2,2,2,2,2,2,2,2,2,2,49,1,1,1,1,1,1,1,1,1,1,1,1,1,1,12,12,12,12,12,12,12,12,79,22,1,1,1,1,1,54,76,2,2,2,2,2,2,2,2,2,2,2,1,1
2,2,2,2,2,19,19,19,49,1,12,12,12,12,12,12,12,12,12,12,12,12,12,12,12,12,12,12,12,12,12,12,12,12,12,12,12,12,12,12,12,12,12,12,12,12,12,12,12,12,12,12,12,12,12,12,12,12,12,12,12,12,12,12,12,12,12,12,12,12,12,12,12,1,1,1,137,1,1,50,2,2,2,2,2,2,3,3,3,3,3,3,3,3,3,3,3,3,11,2,2,2,2,2,2,2,2,2,49,1,1,1,1,1,50,2,2,2,2,2,2,2,2,2,2,2,2,2,2,2,49,1,1,1,1,1,1,1,1,1,1,1,1,1,1,12,12,12,12,12,12,12,12,79,22,1,1,1,1,1,50,2,2,2,2,2,2,2,2,2,2,2,2,1,1
2,2,2,2,2,21,21,71,56,1,12,12,12,12,48,12,12,12,12,12,12,12,12,12,12,12,12,12,12,12,12,12,12,12,12,12,12,12,12,12,12,12,12,12,12,12,12,12,12,12,12,12,12,12,12,12,12,12,12,12,12,12,12,12,12,12,12,12,12,12,12,12,12,1,1,1,1,1,1,50,2,2,2,2,2,2,3,3,3,3,3,3,3,3,3,19,19,2,2,2,2,2,2,2,2,2,2,2,49,1,1,1,1,1,50,2,2,2,2,2,2,2,2,2,2,2,2,2,2,2,77,53,1,1,1,1,1,1,1,1,1,1,1,54,51,129,12,12,12,12,12,12,12,79,22,1,1,1,1,1,50,2,2,2,2,2,2,2,2,2,2,2,2,1,1
2,2,2,2,2,21,21,49,1,1,12,12,12,12,12,12,12,130,80,80,80,12,12,12,12,12,12,12,12,12,12,12,12,12,12,12,12,12,12,12,12,12,12,12,12,12,12,12,12,12,12,12,12,130,80,80,80,80,80,80,129,12,12,12,12,12,12,12,12,12,12,12,12,1,1,1,54,51,51,70,2,2,2,2,2,2,3,3,3,3,3,3,3,3,19,19,2,2,2,2,2,2,2,2,2,2,2,2,49,1,1,1,1,1,50,2,2,2,2,2,2,2,2,2,2,2,2,2,2,2,2,49,1,1,1,1,1,1,1,1,1,1,1,50,2,78,12,12,12,12,12,12,12,79,22,1,1,1,1,1,50,2,2,2,2,2,2,2,2,2,2,2,2,1,1
2,2,2,2,2,82,71,56,1,12,12,12,12,12,12,48,12,79,21,21,21,29,29,29,29,29,29,29,29,29,29,29,29,29,29,29,29,29,29,64,49,1,1,1,1,1,1,1,1,1,1,1,1,50,21,21,21,21,2,2,49,1,1,1,1,1,1,1,12,12,12,12,12,1,1,1,50,21,21,21,2,2,2,2,2,2,3,3,3,3,3,3,3,3,19,2,2,2,2,2,2,2,2,2,2,2,2,2,49,1,1,1,1,1,50,2,2,2,2,2,2,2,2,2,2,2,2,2,2,2,2,49,1,1,1,1,1,1,1,1,1,1,1,50,2,78,12,12,12,12,12,12,12,79,22,1,1,1,1,1,50,2,2,2,2,2,2,2,2,2,2,2,2,1,1
33,33,33,33,33,33,49,1,1,12,12,12,12,12,12,12,12,79,21,21,21,49,1,1,1,1,1,1,1,1,1,1,1,50,21,21,21,21,21,30,49,1,1,1,1,1,1,1,1,1,1,1,54,70,21,21,21,21,2,2,49,1,1,1,1,1,1,1,12,12,12,12,12,1,1,1,50,21,21,21,2,2,2,2,2,2,3,3,3,3,3,3,3,3,2,2,2,2,2,2,2,2,2,2,2,2,2,2,49,1,1,1,1,1,50,2,2,2,2,2,2,2,2,2,2,2,2,2,2,2,2,49,1,1,1,1,1,1,1,1,1,1,1,50,2,78,12,12,12,12,12,12,12,79,22,1,1,1,1,1,50,2,2,2,2,2,2,2,2,2,2,2,2,1,1
33,33,33,33,33,33,49,1,12,12,12,12,12,12,12,12,12,55,52,72,21,49,1,1,1,1,1,1,1,1,1,1,1,50,21,21,21,21,21,30,49,1,1,1,1,1,1,1,1,1,54,51,70,19,21,21,21,21,2,2,69,51,51,51,51,51,53,1,1,12,12,12,12,12,1,1,50,21,21,21,2,2,2,2,2,2,3,3,3,3,3,3,3,11,2,2,2,2,2,2,2,2,2,2,2,2,2,2,69,51,53,1,1,1,50,2,2,2,2,2,2,2,2,2,2,2,2,2,2,2,75,56,1,1,1,1,1,1,1,1,1,1,1,50,2,78,12,12,12,12,12,12,12,79,22,1,1,1,1,1,55,74,2,2,2,2,2,2,2,2,2,2,2,1,1
33,33,33,33,33,33,49,1,12,12,12,12,18,12,12,12,12,12,1,55,52,56,137,1,1,1,1,1,1,1,1,1,1,50,21,21,21,21,21,30,49,1,1,1,1,1,1,1,54,51,70,21,21,21,21,21,21,21,2,2,2,2,2,2,2,2,49,1,1,12,12,12,12,12,1,1,50,21,21,21,2,2,2,2,2,2,3,3,3,3,3,3,11,2,2,2,2,2,2,2,2,2,2,2,2,2,2,2,21,21,69,53,1,1,50,2,2,2,2,2,2,2,2,2,2,2,2,2,2,2,49,1,1,1,1,1,1,1,1,1,1,1,1,50,2,78,12,12,12,12,12,12,12,79,22,1,1,1,1,1,1,55,72,2,2,2,2,2,2,2,2,2,2,1,1
33,33,33,33,33,33,49,1,12,12,12,12,12,12,12,130,80,51,53,1,1,1,1,1,1,1,1,1,1,1,1,1,1,50,21,21,21,21,21,30,49,1,1,1,1,1,1,1,50,19,19,21,21,21,21,21,21,21,2,2,2,2,2,2,2,2,49,1,1,1,12,12,12,12,12,1,50,21,21,21,2,2,2,2,2,2,3,3,3,3,3,11,2,2,2,2,2,2,2,2,2,2,2,2,2,2,2,2,21,21,21,49,1,1,50,2,2,2,2,2,2,2,2,2,2,2,2,2,2,2,69,53,1,1,1,1,1,1,1,1,1,1,1,50,2,78,12,12,12,12,12,12,12,79,22,1,1,1,1,1,1,1,50,2,2,2,2,2,2,2,2,2,2,1,1
33,33,33,33,33,33,49,1,12,12,12,12,12,12,130,86,19,19,49,1,1,1,1,1,1,1,1,1,1,1,1,1,1,55,72,21,21,21,21,30,49,1,1,1,1,1,1,1,50,19,19,21,21,21,21,21,21,21,2,2,2,2,2,2,2,2,49,1,1,1,12,12,12,12,12,12,50,21,21,21,2,2,2,2,2,2,3,3,3,3,11,2,2,2,2,2,2,2,2,2,2,2,2,2,2,2,2,2,21,21,21,49,1,1,50,2,2,2,2,2,2,2,2,2,2,2,2,2,33,33,33,49,1,1,1,1,1,1,1,1,1,1,1,50,2,78,12,12,12,12,12,12,12,79,22,1,1,1,1,1,1,54,70,2,2,2,2,2,2,2,2,2,2,1,1
2,2,2,2,2,71,56,1,12,12,12,12,12,12,79,19,19,19,49,1,1,1,1,1,1,1,1,1,1,1,1,1,1,1,55,72,21,21,21,30,49,1,1,1,1,1,1,1,55,52,52,52,52,52,52,52,52,72,2,2,2,2,2,2,2,2,49,1,1,1,1,12,12,12,12,12,79,21,21,21,2,2,2,2,2,2,3,3,20,20,2,2,2,2,2,2,2,2,2,2,2,2,2,2,2,2,2,2,21,19,19,49,1,1,50,2,2,2,2,2,2,2,2,2,2,2,2,2,33,33,33,49,1,1,1,1,1,1,1,1,1,1,1,50,2,78,12,12,12,12,12,12,12,79,22,1,1,1,1,1,54,76,2,2,2,2,2,2,2,2,2,2,2,1,1
2,2,2,2,2,49,1,1,12,12,12,12,12,12,132,81,81,81,56,54,51,51,53,1,1,1,1,1,1,1,1,1,1,1,1,55,52,52,81,30,49,1,1,1,1,1,1,1,1,1,1,1,1,1,1,1,1,50,2,2,2,2,2,2,2,2,49,1,1,1,1,12,12,12,12,12,132,84,21,21,2,2,2,2,2,2,3,3,20,20,2,2,2,2,2,2,2,2,2,2,2,2,2,2,2,2,2,2,19,19,19,49,1,1,55,52,52,52,52,52,52,52,52,52,52,52,52,72,33,33,75,56,1,1,1,1,1,1,1,1,1,1,1,50,2,78,12,12,12,12,12,12,12,79,22,1,1,1,1,1,50,2,2,2,2,2,2,2,2,2,2,2,2,1,1
2,2,2,2,2,49,1,12,12,12,12,12,12,12,12,12,12,12,54,70,19,19,69,51,53,1,1,1,1,1,1,1,1,1,1,1,1,1,12,30,49,1,1,1,1,1,1,1,1,1,1,1,1,1,1,1,1,50,2,2,2,2,2,2,2,2,49,1,1,1,1,1,12,12,12,12,12,132,81,81,3,3,3,3,3,3,3,3,20,20,2,2,2,2,2,2,2,2,2,2,2,2,2,2,2,2,2,2,71,52,52,56,1,1,1,1,1,1,1,1,1,1,1,1,1,1,1,55,52,52,56,1,1,1,1,1,1,1,1,1,1,1,1,50,2,78,12,12,12,12,12,12,12,79,22,1,1,1,1,1,50,2,2,2,2,2,2,2,2,2,2,2,2,1,1
2,2,2,2,2,49,12,12,12,12,12,12,12,12,12,12,12,12,79,19,19,19,21,21,49,1,1,1,1,1,54,51,51,51,53,1,1,1,12,30,49,1,1,1,1,1,1,1,1,1,1,1,1,1,1,1,1,50,2,2,2,2,2,2,2,2,69,51,53,1,1,1,1,12,12,12,12,12,12,12,3,3,3,3,3,3,3,3,3,20,2,2,2,2,2,2,2,2,2,2,2,2,2,2,2,2,2,2,49,1,1,1,1,1,1,1,1,1,1,1,1,1,1,1,1,1,1,1,1,1,1,1,1,1,1,1,1,1,1,1,1,1,1,50,2,78,12,12,12,12,12,12,12,79,22,1,1,1,1,1,50,2,2,2,2,2,2,2,2,2,2,2,2,1,1
2,2,2,2,2,78,12,12,12,130,80,80,80,80,80,129,12,12,79,21,21,21,21,21,49,1,1,1,137,1,50,2,2,2,49,1,1,1,12,30,49,1,1,1,54,51,51,51,51,51,51,51,53,1,1,1,1,50,2,2,2,2,2,2,2,2,21,21,69,53,1,1,1,12,12,12,12,12,12,12,3,3,3,3,3,3,3,3,3,3,2,2,2,2,2,2,2,2,2,2,2,2,2,2,2,2,2,2,49,1,1,1,1,1,1,1,1,1,1,1,1,1,1,1,1,1,1,1,1,1,1,1,1,1,1,1,1,1,1,1,1,1,1,50,2,78,12,12,12,12,12,12,12,79,22,1,1,1,1,1,50,2,2,2,2,2,2,2,2,2,2,2,2,1,1
2,2,2,2,2,87,80,80,80,91,2,2,2,2,2,90,80,80,86,21,21,21,21,21,69,51,51,51,51,51,70,2,2,2,69,51,51,51,80,30,69,51,51,51,70,33,33,33,33,33,33,33,69,51,51,51,51,70,2,2,2,2,2,2,2,2,21,21,21,49,1,1,1,1,1,1,1,12,12,12,3,3,3,3,3,3,3,3,3,3,2,2,2,2,2,2,2,2,2,2,2,2,2,2,2,2,2,2,49,1,1,54,51,51,51,53,1,1,1,1,1,1,1,1,1,1,1,1,1,1,1,1,1,1,1,1,1,1,1,1,1,1,1,50,2,78,12,12,12,12,12,12,12,79,22,1,1,1,1,1,50,2,2,2,2,2,2,2,2,2,2,2,2,1,1
2,2,2,2,2,2,2,2,2,2,2,2,2,2,2,2,2,2,2,2,2,2,2,2,2,2,2,2,2,2,2,2,2,2,2,2,2,2,2,2,2,2,2,2,2,33,33,33,33,33,33,33,2,138,139,140,2,2,2,2,2,2,2,2,2,2,21,21,21,49,1,54,53,1,1,1,1,54,70,21,2,2,2,2,2,2,3,3,3,3,2,2,2,2,2,2,2,2,2,2,2,2,2,2,2,2,2,2,49,1,1,50,21,21,21,69,53,1,1,1,1,1,1,1,1,1,1,54,51,51,53,1,1,1,1,1,1,1,1,1,1,1,1,50,2,78,12,12,12,12,12,12,12,79,22,1,1,1,1,1,50,2,2,2,2,2,2,2,2,2,2,2,2,1,1
2,2,2,2,2,2,2,2,2,2,2,2,2,2,2,2,2,2,2,2,2,2,2,2,2,2,2,2,2,2,2,2,2,2,2,2,2,2,2,2,2,2,2,2,2,33,33,33,33,33,33,33,2,143,144,145,2,2,2,2,2,2,2,2,2,2,21,21,21,69,54,76,49,1,1,51,51,70,21,21,2,2,2,2,2,2,3,3,3,3,2,2,2,2,2,2,2,2,2,2,2,2,2,2,2,2,2,2,69,51,51,70,21,21,21,21,69,51,51,51,51,51,51,51,51,51,51,70,33,33,77,53,1,1,1,1,1,1,1,1,1,1,1,50,2,78,12,12,12,12,12,12,12,79,22,1,1,1,1,1,55,74,2,2,2,2,2,2,2,2,2,2,2,1,1
2,2,2,2,2,2,2,2,2,2,2,2,2,2,2,2,2,2,2,2,2,2,2,2,2,2,2,2,2,2,2,2,2,2,2,2,2,2,2,2,2,2,2,2,2,33,33,33,33,33,33,33,2,2,2,2,2,2,2,2,2,2,2,2,2,2,2,2,2,2,76,75,56,1,1,2,2,2,2,2,2,2,2,2,2,2,3,3,3,3,2,2,2,2,2,2,2,2,2,2,2,2,2,2,2,2,2,2,2,2,2,2,2,2,2,2,2,2,2,2,2,2,2,2,2,2,2,2,33,33,33,49,1,1,1,1,1,1,1,1,1,1,1,50,2,78,12,12,12,12,12,12,12,79,22,1,1,1,1,1,1,55,72,2,2,2,2,2,2,2,2,2,2,1,1
2,2,2,2,2,2,2,2,2,2,2,2,2,2,2,2,2,2,2,2,2,2,2,2,2,2,2,2,2,2,2,2,2,2,2,2,2,2,2,2,2,2,2,2,2,33,33,33,33,33,33,33,2,2,2,2,2,2,2,2,2,2,2,2,2,2,2,2,2,2,75,56,1,54,76,2,2,2,2,2,2,2,2,2,2,2,3,3,3,3,2,2,2,2,2,2,2,2,2,2,2,2,2,2,2,2,2,2,2,2,2,2,2,2,2,2,2,2,2,2,2,2,2,2,2,2,2,2,33,33,33,49,1,1,1,1,1,1,1,1,1,1,1,50,2,78,12,12,12,12,12,12,12,79,22,51,51,51,51,51,51,51,70,2,2,2,2,2,2,2,2,2,2,1,1
2,2,2,2,2,2,2,2,2,2,2,2,2,2,2,2,2,2,2,2,2,2,2,2,2,2,2,2,2,2,2,2,2,2,2,2,2,2,2,2,2,2,2,2,2,2,2,2,2,2,2,2,2,2,2,2,2,2,2,2,2,2,2,2,2,2,2,2,2,2,1,1,54,76,75,2,2,2,2,2,2,2,2,2,2,2,3,3,3,3,2,2,2,2,2,2,2,2,2,2,2,2,2,2,2,2,2,2,2,2,2,2,2,2,2,2,2,2,2,2,2,2,97,98,99,100,101,2,2,2,31,1,1,1,1,1,1,1,1,1,1,54,51,70,2,78,81,81,81,81,81,81,81,79,2,2,2,2,2,2,2,2,2,2,2,2,2,2,2,2,2,2,2,1,1
2,2,2,2,2,2,2,2,2,2,2,2,2,2,2,2,2,2,2,2,2,2,2,2,2,2,2,2,2,2,2,2,2,2,2,2,2,2,2,2,2,2,2,2,2,2,2,2,2,2,2,2,2,2,2,2,2,2,2,2,2,2,2,2,2,2,71,52,52,52,1,1,50,75,56,52,52,52,52,72,2,2,2,2,2,2,3,3,3,3,2,2,2,2,2,2,2,2,2,2,2,2,2,2,2,2,2,2,2,2,2,2,2,2,2,2,2,2,2,2,2,2,102,103,103,105,106,2,2,2,31,1,1,1,1,1,1,1,1,1,1,50,19,19,2,78,12,12,12,12,12,12,12,79,2,2,2,2,2,2,2,2,2,2,2,2,2,2,2,2,2,2,2,1,1
1,1,1,1,1,1,1,1,1,1,1,1,1,1,1,1,1,1,1,1,1,1,1,1,1,1,1,1,1,1,1,1,1,1,1,1,1,1,1,1,1,1,1,1,1,1,1,1,1,1,1,1,1,1,1,1,1,1,2,2,2,2,2,2,2,2,49,1,1,1,1,1,55,56,1,1,1,1,1,50,2,2,2,2,2,2,3,3,3,3,2,2,2,2,2,2,2,2,2,2,2,2,2,2,2,2,2,2,2,2,2,2,2,2,2,2,2,2,2,2,2,2,107,108,109,110,111,2,2,2,31,1,1,1,1,1,1,1,1,1,54,70,21,21,2,78,12,12,12,12,12,12,12,79,2,2,2,2,2,2,2,2,2,2,2,2,2,2,2,2,2,2,2,1,1
1,1,1,1,1,1,1,1,1,1,1,1,1,1,1,1,1,1,1,1,1,1,1,1,1,1,1,1,1,1,1,1,1,1,1,1,1,1,1,1,1,1,1,1,1,1,1,1,1,1,1,1,1,1,1,1,1,1,2,2,2,2,2,2,2,2,69,53,1,1,1,1,1,1,1,1,54,51,51,70,2,2,2,2,2,2,3,3,3,3,2,2,2,2,2,2,2,2,2,2,2,2,2,2,2,2,2,2,2,2,2,2,2,2,2,2,2,2,2,2,2,2,113,114,115,116,117,2,2,2,31,1,1,1,1,1,1,1,1,54,70,21,21,21,2,78,81,81,81,81,81,81,81,79,2,2,2,2,2,2,2,2,2,2,2,2,2,2,2,2,2,2,2,1,1
1,1,1,1,1,1,1,1,1,1,1,1,1,1,1,1,1,1,1,1,1,1,1,1,1,1,1,1,1,1,1,1,1,1,1,1,1,1,1,1,1,1,1,1,1,1,1,1,1,1,1,1,1,1,1,1,1,1,2,2,2,2,33,33,33,33,33,49,1,1,1,1,1,1,1,1,50,19,19,19,2,2,2,2,2,2,3,3,3,3,2,2,2,2,2,2,2,2,2,2,2,2,2,2,2,2,2,2,2,2,2,2,2,2,2,2,2,2,2,2,2,2,118,119,120,121,122,2,2,2,31,1,1,1,1,1,1,1,1,50,19,20,20,20,2,78,12,12,12,12,12,12,12,79,2,2,2,2,2,2,2,2,2,2,2,2,2,2,2,2,2,2,2,1,1
1,1,1,1,1,1,1,1,1,1,1,1,1,1,1,1,1,1,1,1,1,1,1,1,1,1,1,1,1,1,1,1,1,1,1,1,1,1,1,1,1,1,1,1,1,1,1,1,1,1,1,1,1,1,1,1,1,1,2,2,2,2,33,33,33,33,33,49,1,1,1,1,1,1,1,1,50,19,19,19,2,2,2,2,2,2,3,3,3,3,2,2,2,2,2,2,2,2,2,2,2,2,2,2,2,2,2,2,2,2,2,2,2,2,2,2,2,2,2,2,2,2,2,2,2,2,2,2,2,2,31,1,1,1,1,1,1,54,51,70,19,20,20,20,2,78,12,12,12,12,12,12,12,79,2,2,2,2,2,2,2,2,2,2,2,2,2,2,2,2,2,2,2,1,1
1,1,1,1,1,1,1,1,1,1,1,1,1,1,1,1,1,1,1,1,1,1,1,1,1,1,1,1,1,1,1,1,1,1,1,1,1,1,1,1,1,1,1,1,1,1,1,1,1,1,1,1,1,1,1,1,1,1,2,2,2,2,33,33,33,33,33,49,1,1,1,1,1,1,1,1,50,19,19,19,2,2,2,2,2,2,3,3,3,3,2,2,2,2,2,2,2,2,2,2,2,2,2,2,2,2,2,2,2,2,2,2,2,2,2,2,2,2,2,2,2,2,2,2,2,2,2,2,2,2,29,52,52,52,52,52,52,2,2,2,2,2,2,2,2,78,81,81,81,81,81,81,81,79,2,2,2,2,2,2,2,2,2,2,2,2,2,2,2,2,2,2,2,1,1
1,1,1,1,1,1,1,1,1,1,1,1,1,1,1,1,1,1,1,1,1,1,1,1,1,1,1,1,1,1,1,1,1,1,1,1,1,1,1,1,1,1,1,1,1,1,1,1,1,1,1,1,1,1,1,1,1,1,2,2,2,2,33,33,33,33,33,49,1,1,1,1,1,1,1,1,55,72,19,19,2,2,2,2,2,2,3,3,3,3,2,2,2,2,2,2,2,2,2,2,2,2,2,2,2,2,2,2,2,2,2,2,2,2,2,2,2,2,2,2,2,2,2,2,2,2,2,2,2,2,29,1,1,1,1,1,1,2,20,20,21,21,21,71,52,12,12,12,12,12,12,12,12,79,2,2,2,2,2,2,2,2,2,2,2,2,2,2,2,2,2,2,2,1,1
1,1,1,1,1,1,1,1,1,1,1,1,1,1,1,1,1,1,1,1,1,1,1,1,1,1,1,1,1,1,1,1,1,1,1,1,1,1,1,1,1,1,1,1,1,1,1,1,1,1,1,1,1,1,1,1,1,1,2,2,2,2,33,33,33,33,33,49,1,1,1,1,1,1,1,1,1,50,19,19,2,2,2,2,2,2,3,3,3,3,2,2,2,2,2,2,2,2,2,2,2,2,2,2,2,2,2,2,2,2,2,2,2,2,2,2,2,2,2,2,2,2,2,2,2,2,2,2,2,2,29,52,52,52,52,52,52,2,20,20,21,21,21,49,1,12,12,12,12,12,12,12,12,79,2,2,2,2,2,2,2,2,2,2,2,2,2,2,2,2,2,2,2,1,1
1,1,1,1,1,1,1,1,1,1,1,1,1,1,1,1,1,1,1,1,1,1,1,1,1,1,1,1,1,1,1,1,1,1,1,1,1,1,1,1,1,1,1,1,1,1,1,1,1,1,1,1,1,1,1,1,1,1,2,2,2,2,33,33,33,33,33,49,1,1,1,1,1,1,1,1,1,55,52,72,2,2,2,2,2,2,3,3,3,3,2,2,2,2,2,2,2,2,2,2,2,2,2,2,2,2,2,2,2,2,2,2,2,2,2,2,2,2,2,2,2,2,2,2,2,2,2,2,2,2,29,1,1,1,1,1,1,2,20,20,21,71,52,56,1,12,12,12,12,12,12,12,12,79,22,52,52,52,52,52,52,52,72,2,2,2,2,2,2,2,2,2,2,1,1
1,1,1,1,1,1,1,1,1,1,1,1,1,1,1,1,1,1,1,1,1,1,1,1,1,1,1,1,1,1,1,1,1,1,1,1,1,1,1,1,1,1,1,1,1,1,1,1,1,1,1,1,1,1,1,1,1,1,2,2,2,2,2,2,2,2,71,56,1,1,1,1,1,1,1,1,1,1,1,55,52,52,52,52,52,52,56,1,1,55,52,52,52,52,72,2,2,2,2,2,2,2,2,2,2,2,2,2,2,2,2,2,2,2,2,2,2,2,2,2,2,2,2,2,2,2,2,2,2,2,29,52,52,52,52,52,52,2,19,19,71,56,1,1,1,12,12,12,12,12,12,12,12,79,22,1,1,1,1,1,1,54,70,2,2,2,2,2,2,2,2,2,2,1,1
1,1,1,1,1,1,1,1,1,1,1,1,1,1,1,1,1,1,1,1,1,1,1,1,1,1,1,1,1,1,1,1,1,1,1,1,1,1,1,1,1,1,1,1,1,1,1,1,1,1,1,1,1,1,1,1,1,1,2,2,2,2,2,2,2,2,49,1,1,1,1,1,1,1,1,1,1,1,1,1,1,1,1,1,1,1,1,1,1,1,1,1,1,54,76,2,2,2,2,2,2,2,2,2,2,2,2,2,4,1,1,1,1,1,17,1,1,1,1,1,5,2,2,2,2,2,2,2,2,2,29,1,1,1,1,1,1,2,19,71,56,1,1,1,1,12,12,12,12,12,12,12,12,79,22,1,1,1,1,1,54,76,2,2,2,2,2,2,2,2,2,2,2,1,1
1,1,1,1,1,1,1,1,1,1,1,1,1,1,1,1,1,1,1,1,1,1,1,1,1,1,1,1,1,1,1,1,1,1,1,1,1,1,1,1,1,1,1,1,1,1,1,1,1,1,1,1,1,1,1,1,1,1,2,2,2,2,2,2,2,2,69,53,1,1,1,1,1,1,1,1,1,1,1,1,1,1,1,1,1,1,1,1,1,1,1,1,1,50,2,2,2,2,2,2,2,2,2,2,2,2,2,2,1,1,1,1,1,1,1,1,1,1,1,1,1,2,2,2,2,2,2,2,2,2,29,71,52,52,52,52,52,2,71,56,1,1,1,1,1,12,12,12,12,12,12,12,12,79,22,1,54,51,51,51,70,2,2,2,2,2,2,2,2,2,2,2,2,1,1
1,1,1,1,1,1,1,1,1,1,1,1,1,1,1,1,1,1,1,1,1,1,1,1,1,1,1,1,1,1,1,1,1,1,1,1,1,1,1,1,1,1,1,1,1,1,1,1,1,1,1,1,1,1,1,1,1,1,2,2,2,2,33,33,33,33,33,69,53,1,1,1,1,1,1,1,1,1,1,1,1,1,1,1,1,1,1,1,1,1,1,1,1,50,2,2,2,2,2,2,2,2,2,2,2,2,2,2,1,1,1,1,17,1,17,1,17,1,1,1,1,2,2,2,2,2,2,33,33,33,33,49,1,1,1,1,1,55,56,1,1,1,1,1,1,12,12,12,12,12,12,12,12,79,22,1,50,20,20,20,82,2,2,2,2,2,2,2,2,2,2,2,2,1,1
1,1,1,1,1,1,1,1,1,1,1,1,1,1,1,1,1,1,1,1,1,1,1,1,1,1,1,1,1,1,1,1,1,1,1,1,1,1,1,1,1,1,1,1,1,1,1,1,1,1,1,1,1,1,1,1,1,1,2,2,2,2,33,33,33,33,33,19,69,53,1,1,1,1,1,1,1,1,1,1,1,1,1,1,1,1,1,1,1,1,1,1,1,50,2,2,2,2,2,2,2,2,2,2,2,2,2,2,1,1,1,1,1,1,1,1,1,1,1,1,1,2,2,2,2,2,2,33,33,33,33,49,1,1,1,1,1,1,1,1,1,1,1,1,1,12,12,12,12,12,12,12,12,79,22,1,50,20,20,20,71,74,2,2,2,2,2,2,2,2,2,2,2,1,1
1,1,1,1,1,1,1,1,1,1,1,1,1,1,1,1,1,1,1,1,1,1,1,1,1,1,1,1,1,1,1,1,1,1,1,1,1,1,1,1,1,1,1,1,1,1,1,1,1,1,1,1,1,1,1,1,1,1,2,2,2,2,33,33,33,33,33,21,19,49,1,1,1,1,1,1,1,54,51,51,51,53,1,1,1,1,1,1,1,1,1,1,1,50,2,2,2,2,2,2,2,2,2,2,2,2,2,2,1,1,17,1,17,1,17,1,17,1,17,1,1,2,2,2,2,2,2,33,33,33,33,49,1,1,1,1,1,1,1,1,1,1,1,1,1,12,12,12,12,12,12,12,12,79,22,1,50,20,20,20,49,55,72,2,2,2,2,2,2,2,2,2,2,1,1
1,1,1,1,1,1,1,1,1,1,1,1,1,1,1,1,1,1,1,1,1,1,1,1,1,1,1,1,1,1,1,1,1,1,1,1,1,1,1,1,1,1,1,1,1,1,1,1,1,1,1,1,1,1,1,1,1,1,2,2,2,2,33,33,33,33,33,21,19,49,1,1,1,1,1,1,1,50,19,19,19,49,1,1,1,1,1,1,1,1,1,1,1,55,74,2,2,2,2,2,2,2,2,2,2,2,2,2,1,1,1,1,1,1,1,1,1,1,1,1,1,2,2,2,2,2,2,33,33,33,33,49,1,1,1,1,1,1,1,1,1,1,1,1,1,12,12,12,12,12,12,12,12,79,22,54,70,82,82,71,56,54,70,2,2,2,2,2,2,2,2,2,2,1,1
1,1,1,1,1,1,1,1,1,1,1,1,1,1,1,1,1,1,1,1,1,1,1,1,1,1,1,1,1,1,1,1,1,1,1,1,1,1,1,1,1,1,1,1,1,1,1,1,1,1,1,1,1,1,1,1,1,1,2,2,2,2,33,33,33,33,33,19,71,56,1,1,1,1,1,1,54,70,19,19,19,69,51,51,51,53,1,1,1,1,54,51,51,51,70,2,2,2,2,2,2,2,2,2,2,2,2,2,1,1,1,1,17,1,17,1,17,1,1,1,1,2,2,2,2,2,2,33,33,33,33,49,1,1,1,1,1,1,1,1,1,1,1,1,1,12,12,12,12,12,12,12,12,79,22,50,20,20,20,49,54,76,2,2,2,2,2,2,2,2,2,2,2,1,1
1,1,1,1,1,1,1,1,1,1,1,1,1,1,1,1,1,1,1,1,1,1,1,1,1,1,1,1,1,1,1,1,1,1,1,1,1,1,1,1,1,1,1,1,1,1,1,1,1,1,1,1,1,1,1,1,1,1,2,2,2,2,33,33,33,33,33,19,49,1,1,1,1,1,1,1,50,21,21,19,63,29,29,29,29,12,12,12,12,12,12,29,29,29,29,29,2,2,2,2,2,2,2,2,2,2,2,2,1,1,1,1,1,1,1,1,1,1,1,1,1,2,2,2,2,2,2,33,33,33,33,49,1,1,1,1,1,1,1,1,1,1,1,1,1,12,12,12,12,12,12,12,12,79,22,50,20,20,20,49,50,2,2,2,2,2,2,2,2,2,2,2,2,1,1
1,1,1,1,1,1,1,1,1,1,1,1,1,1,1,1,1,1,1,1,1,1,1,1,1,1,1,1,1,1,1,1,1,1,1,1,1,1,1,1,1,1,1,1,1,1,1,1,1,1,1,1,1,1,1,1,1,1,2,2,2,2,2,2,2,2,71,52,56,1,1,17,1,1,1,1,50,21,21,82,31,12,12,12,12,12,12,12,12,12,12,12,12,12,12,79,2,2,2,2,2,2,2,2,2,2,2,2,7,1,1,1,1,1,17,1,1,1,1,1,6,2,2,2,2,2,2,2,2,2,71,56,1,1,1,1,1,1,1,1,1,1,1,1,1,12,12,12,12,12,12,12,12,79,22,55,52,52,52,56,50,2,2,2,2,2,2,2,2,2,2,2,2,1,1
1,1,1,1,1,1,1,1,1,1,1,1,1,1,1,1,1,1,1,1,1,1,1,1,1,1,1,1,1,1,1,1,1,1,1,1,1,1,1,1,1,1,1,1,1,1,1,1,1,1,1,1,1,1,1,1,1,1,2,2,2,2,2,2,2,2,69,51,51,53,1,1,1,1,1,1,55,52,52,72,31,12,12,12,12,12,12,12,12,12,12,12,12,12,12,79,2,2,2,2,2,2,2,2,2,2,2,2,2,2,2,2,2,2,2,2,2,2,2,2,2,2,2,2,2,2,2,2,2,2,49,1,1,1,1,137,1,1,1,1,1,1,1,1,1,12,12,12,12,12,12,12,12,79,22,1,1,1,1,1,55,74,2,2,2,2,2,2,2,2,2,2,2,1,1
1,1,1,1,1,1,1,1,1,1,1,1,1,1,1,1,1,1,1,1,1,1,1,1,1,1,1,1,1,1,1,1,1,1,1,1,1,1,1,1,1,1,1,1,1,1,1,1,1,1,1,1,1,1,1,1,1,1,2,2,2,2,2,2,2,2,19,19,19,49,1,1,1,1,1,1,1,1,1,50,31,12,12,12,12,12,12,12,12,12,12,12,12,12,12,79,2,2,2,2,2,2,2,2,2,2,2,2,2,2,2,2,2,2,2,2,2,2,2,2,2,2,2,2,2,2,2,2,2,2,49,1,1,1,1,1,1,1,1,1,1,137,1,1,1,12,130,80,80,80,80,80,129,79,22,1,1,1,1,1,1,55,72,2,2,2,2,2,2,2,2,2,2,1,1
1,1,1,1,1,1,1,1,1,1,1,1,1,1,1,1,1,1,1,1,1,1,1,1,1,1,1,1,1,1,1,1,1,1,1,1,1,1,1,1,1,1,1,1,1,1,1,1,1,1,1,1,1,1,1,1,1,1,2,2,2,2,33,33,33,33,33,21,21,49,1,1,1,1,1,1,1,1,1,50,31,12,12,12,12,12,12,12,12,12,12,12,12,130,80,86,2,2,2,2,2,2,2,2,2,2,2,2,2,2,2,2,2,2,2,2,2,2,2,2,2,2,2,2,2,2,2,2,2,2,69,51,51,51,51,51,51,51,51,51,51,51,51,51,51,80,91,2,2,2,2,2,90,86,22,51,51,51,51,51,51,51,70,2,2,2,2,2,2,2,2,2,2,1,1
1,1,1,1,1,1,1,1,1,1,1,1,1,1,1,1,1,1,1,1,1,1,1,1,1,1,1,1,1,1,1,1,1,1,1,1,1,1,1,1,1,1,1,1,1,1,1,1,1,1,1,1,1,1,1,1,1,1,2,2,2,2,33,33,33,33,33,21,21,49,1,1,1,1,1,1,1,1,1,50,31,12,48,12,12,12,12,12,12,12,12,12,12,79,2,2,2,2,2,2,2,2,2,2,2,2,2,2,2,2,2,2,2,2,2,2,2,2,2,2,2,2,2,2,2,2,2,2,2,2,2,2,2,2,2,2,2,2,2,2,2,2,2,2,2,2,2,2,2,2,2,2,2,2,2,2,2,2,2,2,2,2,2,2,2,2,2,2,2,2,2,2,2,1,1
1,1,1,1,1,1,1,1,1,1,1,1,1,1,1,1,1,1,1,1,1,1,1,1,1,1,1,1,1,1,1,1,1,1,1,1,1,1,1,1,1,1,1,1,1,1,1,1,1,1,1,1,1,1,1,1,1,1,2,2,2,2,33,33,33,33,33,21,21,49,1,1,1,1,1,1,1,1,1,50,31,12,12,12,48,12,12,12,12,12,12,12,130,86,2,2,2,2,2,2,2,2,2,2,2,2,2,2,2,2,2,2,2,2,2,2,2,2,2,2,2,2,2,2,2,2,2,2,2,2,2,2,2,2,2,2,2,2,2,2,2,2,2,2,2,2,2,2,2,2,2,2,2,2,2,2,2,2,2,2,2,2,2,2,2,2,2,2,2,2,2,2,2,1,1
1,1,1,1,1,1,1,1,1,1,1,1,1,1,1,1,1,1,1,1,1,1,1,1,1,1,1,1,1,1,1,1,1,1,1,1,1,1,1,1,1,1,1,1,1,1,1,1,1,1,1,1,1,1,1,1,1,1,2,2,2,2,33,33,33,33,33,21,21,49,1,1,1,1,1,1,1,1,1,50,31,12,12,12,12,12,12,12,12,12,12,12,79,20,20,20,2,2,2,2,2,2,2,2,2,2,2,2,2,2,2,2,2,2,2,2,2,2,2,2,2,2,2,2,2,2,2,2,2,2,2,2,2,2,2,2,2,2,2,2,2,2,2,2,2,2,2,2,2,2,2,2,2,2,2,2,2,2,2,2,2,2,2,2,2,2,2,2,2,2,2,2,2,1,1
1,1,1,1,1,1,1,1,1,1,1,1,1,1,1,1,1,1,1,1,1,1,1,1,1,1,1,1,1,1,1,1,1,1,1,1,1,1,1,1,1,1,1,1,1,1,1,1,1,1,1,1,1,1,1,1,1,1,2,2,2,2,33,33,33,33,33,19,19,49,1,1,1,1,1,1,1,1,1,50,31,12,43,12,12,12,12,12,12,12,12,12,79,20,20,20,2,2,2,2,2,2,2,2,2,2,2,2,2,2,2,2,2,2,2,2,2,2,2,2,2,2,2,2,2,2,2,2,2,2,2,2,2,2,2,2,2,2,2,2,2,2,2,2,2,2,2,2,2,2,2,2,2,2,2,2,2,2,2,2,2,2,2,2,2,2,2,2,2,2,2,2,2,1,1
1,1,1,1,1,1,1,1,1,1,1,1,1,1,1,1,1,1,1,1,1,1,1,1,1,1,1,1,1,1,1,1,1,1,1,1,1,1,1,1,1,1,1,1,1,1,1,1,1,1,1,1,1,1,1,1,1,1,2,2,2,2,33,33,33,33,33,19,19,49,1,1,1,1,1,1,1,1,1,50,31,12,12,12,12,12,12,12,12,12,12,12,79,20,20,20,2,2,2,2,2,2,2,2,2,2,2,2,2,2,2,2,2,2,2,2,2,2,2,2,2,2,2,2,2,2,2,2,2,2,2,2,2,2,2,2,2,2,2,2,2,2,2,2,2,2,2,2,2,2,2,2,2,2,2,2,2,2,2,2,2,2,2,2,2,2,2,2,2,2,2,2,2,1,1
1,1,1,1,1,1,1,1,1,1,1,1,1,1,1,1,1,1,1,1,1,1,1,1,1,1,1,1,1,1,1,1,1,1,1,1,1,1,1,1,1,1,1,1,1,1,1,1,1,1,1,1,1,1,1,1,1,1,2,2,2,2,2,2,2,2,71,52,52,56,1,1,1,1,1,1,1,1,1,50,31,12,12,12,12,12,12,12,12,12,12,12,12,84,2,2,2,2,2,2,2,2,2,2,2,2,2,2,2,2,2,2,2,2,2,2,2,2,2,2,2,2,2,2,2,2,2,2,2,2,2,2,2,2,2,2,2,2,2,2,2,2,2,2,2,2,2,2,2,2,2,2,2,2,2,2,2,2,2,2,2,2,2,2,2,2,2,2,2,2,2,2,2,1,1
1,1,1,1,1,1,1,1,1,1,1,1,1,1,1,1,1,1,1,1,1,1,1,1,1,1,1,1,1,1,1,1,1,1,1,1,1,1,1,1,1,1,1,1,1,1,1,1,1,1,1,1,1,1,1,1,1,1,2,2,2,2,2,2,2,2,49,1,1,1,1,1,1,1,1,1,1,1,1,50,31,12,12,12,12,12,12,12,130,80,80,80,129,79,2,2,2,2,2,2,2,2,2,2,2,2,2,2,2,2,2,2,2,2,2,2,2,2,2,2,2,2,2,2,2,2,2,2,2,2,2,2,2,2,2,2,2,2,2,2,2,2,2,2,2,2,2,2,2,2,2,2,2,2,2,2,2,2,2,2,2,2,2,2,2,2,2,2,2,2,2,2,2,1,1
1,1,1,1,1,1,1,1,1,1,1,1,1,1,1,1,1,1,1,1,1,1,1,1,1,1,1,1,1,1,1,1,1,1,1,1,1,1,1,1,1,1,1,1,1,1,1,1,1,1,1,1,1,1,1,1,1,1,2,2,2,2,2,2,2,2,49,137,1,1,1,1,1,1,1,1,1,1,1,50,31,12,12,12,12,12,130,80,86,20,20,20,87,132,81,84,2,2,2,2,2,2,2,2,2,2,2,2,1,1,1,1,1,1,1,1,1,1,1,1,1,1,1,1,1,1,1,1,1,1,1,1,1,1,1,1,1,1,1,1,1,1,1,1,1,1,1,1,1,1,1,1,1,1,1,1,1,1,1,1,1,1,1,1,1,1,1,1,1,1,1,1,1,1,1
1,1,1,1,1,1,1,1,1,1,1,1,1,1,1,1,1,1,1,1,1,1,1,1,1,1,1,1,1,1,1,1,1,1,1,1,1,1,1,1,1,1,1,1,1,1,1,1,1,1,1,1,1,1,1,1,1,1,2,2,2,2,2,2,2,2,49,1,1,1,1,1,1,1,1,1,137,1,1,50,31,12,12,12,12,130,86,21,21,20,20,20,20,129,12,79,2,2,2,2,2,2,2,2,2,2,2,2,1,1,1,1,1,1,1,1,1,1,1,1,1,1,1,1,1,1,1,1,1,1,1,1,1,1,1,1,1,1,1,1,1,1,1,1,1,1,1,1,1,1,1,1,1,1,1,1,1,1,1,1,1,1,1,1,1,1,1,1,1,1,1,1,1,1,1
1,1,1,1,1,1,1,1,1,1,1,1,1,1,1,1,1,1,1,1,1,1,1,1,1,1,1,1,1,1,1,1,1,1,1,1,1,1,1,1,1,1,1,1,1,1,1,1,1,1,1,1,1,1,1,1,1,1,2,2,2,2,2,2,2,2,69,51,51,51,51,51,51,51,51,51,51,51,51,70,31,80,80,80,80,86,21,21,21,20,20,20,20,87,80,86,2,2,2,2,2,2,2,2,2,2,2,2,1,1,1,1,1,1,1,1,1,1,1,1,1,1,1,1,1,1,1,1,1,1,1,1,1,1,1,1,1,1,1,1,1,1,1,1,1,1,1,1,1,1,1,1,1,1,1,1,1,1,1,1,1,1,1,1,1,1,1,1,1,1,1,1,1,1,1
1,1,1,1,1,1,1,1,1,1,1,1,1,1,1,1,1,1,1,1,1,1,1,1,1,1,1,1,1,1,1,1,1,1,1,1,1,1,1,1,1,1,1,1,1,1,1,1,1,1,1,1,1,1,1,1,1,1,2,2,2,2,2,2,2,2,2,2,2,2,2,2,2,2,2,2,2,2,2,2,2,2,2,2,2,2,2,2,2,2,2,2,2,2,2,2,2,2,2,2,2,2,2,2,2,2,2,2,1,1,1,1,1,1,1,1,1,1,1,1,1,1,1,1,1,1,1,1,1,1,1,1,1,1,1,1,1,1,1,1,1,1,1,1,1,1,1,1,1,1,1,1,1,1,1,1,1,1,1,1,1,1,1,1,1,1,1,1,1,1,1,1,1,1,1
1,1,1,1,1,1,1,1,1,1,1,1,1,1,1,1,1,1,1,1,1,1,1,1,1,1,1,1,1,1,1,1,1,1,1,1,1,1,1,1,1,1,1,1,1,1,1,1,1,1,1,1,1,1,1,1,1,1,2,2,2,2,2,2,2,2,2,2,2,2,2,2,2,2,2,2,2,2,2,2,2,2,2,2,2,2,2,2,2,2,2,2,2,2,2,2,2,2,2,2,2,2,2,2,2,2,2,2,1,1,1,1,1,1,1,1,1,1,1,1,1,1,1,1,1,1,1,1,1,1,1,1,1,1,1,1,1,1,1,1,1,1,1,1,1,1,1,1,1,1,1,1,1,1,1,1,1,1,1,1,1,1,1,1,1,1,1,1,1,1,1,1,1,1,1
1,1,1,1,1,1,1,1,1,1,1,1,1,1,1,1,1,1,1,1,1,1,1,1,1,1,1,1,1,1,1,1,1,1,1,1,1,1,1,1,1,1,1,1,1,1,1,1,1,1,1,1,1,1,1,1,1,1,2,2,2,2,2,2,2,2,2,2,2,2,2,2,2,2,2,2,2,2,2,2,2,2,2,2,2,2,2,2,2,2,2,2,2,2,2,2,2,2,2,2,2,2,2,2,2,2,2,2,1,1,1,1,1,1,1,1,1,1,1,1,1,1,1,1,1,1,1,1,1,1,1,1,1,1,1,1,1,1,1,1,1,1,1,1,1,1,1,1,1,1,1,1,1,1,1,1,1,1,1,1,1,1,1,1,1,1,1,1,1,1,1,1,1,1,1
1,1,1,1,1,1,1,1,1,1,1,1,1,1,1,1,1,1,1,1,1,1,1,1,1,1,1,1,1,1,1,1,1,1,1,1,1,1,1,1,1,1,1,1,1,1,1,1,1,1,1,1,1,1,1,1,1,1,2,2,2,2,2,2,2,2,2,2,2,2,2,2,2,2,2,2,2,2,2,2,2,2,2,2,2,2,2,2,2,2,2,2,2,2,2,2,2,2,2,2,2,2,2,2,2,2,2,2,1,1,1,1,1,1,1,1,1,1,1,1,1,1,1,1,1,1,1,1,1,1,1,1,1,1,1,1,1,1,1,1,1,1,1,1,1,1,1,1,1,1,1,1,1,1,1,1,1,1,1,1,1,1,1,1,1,1,1,1,1,1,1,1,1,1,1
1,1,1,1,1,1,1,1,1,1,1,1,1,1,1,1,1,1,1,1,1,1,1,1,1,1,1,1,1,1,1,1,1,1,1,1,1,1,1,1,1,1,1,1,1,1,1,1,1,1,1,1,1,1,1,1,1,1,2,2,2,2,2,2,2,2,2,2,2,2,2,2,2,2,2,2,2,2,2,2,2,2,2,2,2,2,2,2,2,2,2,2,2,2,2,2,2,2,2,2,2,2,2,2,2,2,2,2,1,1,1,1,1,1,1,1,1,1,1,1,1,1,1,1,1,1,1,1,1,1,1,1,1,1,1,1,1,1,1,1,1,1,1,1,1,1,1,1,1,1,1,1,1,1,1,1,1,1,1,1,1,1,1,1,1,1,1,1,1,1,1,1,1,1,1
1,1,1,1,1,1,1,1,1,1,1,1,1,1,1,1,1,1,1,1,1,1,1,1,1,1,1,1,1,1,1,1,1,1,1,1,1,1,1,1,1,1,1,1,1,1,1,1,1,1,1,1,1,1,1,1,1,1,2,2,2,2,2,2,2,2,2,2,2,2,2,2,2,2,2,2,2,2,2,2,2,2,2,2,2,2,2,2,2,2,2,2,2,2,2,2,2,2,2,2,2,2,2,2,2,2,2,2,1,1,1,1,1,1,1,1,1,1,1,1,1,1,1,1,1,1,1,1,1,1,1,1,1,1,1,1,1,1,1,1,1,1,1,1,1,1,1,1,1,1,1,1,1,1,1,1,1,1,1,1,1,1,1,1,1,1,1,1,1,1,1,1,1,1,1
1,1,1,1,1,1,1,1,1,1,1,1,1,1,1,1,1,1,1,1,1,1,1,1,1,1,1,1,1,1,1,1,1,1,1,1,1,1,1,1,1,1,1,1,1,1,1,1,1,1,1,1,1,1,1,1,1,1,1,1,1,1,1,1,1,1,1,1,1,1,1,1,1,1,1,1,1,1,1,1,1,1,1,1,1,1,1,1,1,1,1,1,1,1,1,1,1,1,1,1,1,1,1,1,1,1,1,1,1,1,1,1,1,1,1,1,1,1,1,1,1,1,1,1,1,1,1,1,1,1,1,1,1,1,1,1,1,1,1,1,1,1,1,1,1,1,1,1,1,1,1,1,1,1,1,1,1,1,1,1,1,1,1,1,1,1,1,1,1,1,1,1,1,1,1
1,1,1,1,1,1,1,1,1,1,1,1,1,1,1,1,1,1,1,1,1,1,1,1,1,1,1,1,1,1,1,1,1,1,1,1,1,1,1,1,1,1,1,1,1,1,1,1,1,1,1,1,1,1,1,1,1,1,1,1,1,1,1,1,1,1,1,1,1,1,1,1,1,1,1,1,1,1,1,1,1,1,1,1,1,1,1,1,1,1,1,1,1,1,1,1,1,1,1,1,1,1,1,1,1,1,1,1,1,1,1,1,1,1,1,1,1,1,1,1,1,1,1,1,1,1,1,1,1,1,1,1,1,1,1,1,1,1,1,1,1,1,1,1,1,1,1,1,1,1,1,1,1,1,1,1,1,1,1,1,1,1,1,1,1,1,1,1,1,1,1,1,1,1,1
1,1,1,1,1,1,1,1,1,1,1,1,1,1,1,1,1,1,1,1,1,1,1,1,1,1,1,1,1,1,1,1,1,1,1,1,1,1,1,1,1,1,1,1,1,1,1,1,1,1,1,1,1,1,1,1,1,1,1,1,1,1,1,1,1,1,1,1,1,1,1,1,1,1,1,1,1,1,1,1,1,1,1,1,1,1,1,1,1,1,1,1,1,1,1,1,1,1,1,1,1,1,1,1,1,1,1,1,1,1,1,1,1,1,1,1,1,1,1,1,1,1,1,1,1,1,1,1,1,1,1,1,1,1,1,1,1,1,1,1,1,1,1,1,1,1,1,1,1,1,1,1,1,1,1,1,1,1,1,1,1,1,1,1,1,1,1,1,1,1,1,1,1,1,1
}

collision {
(512,1312),(480,1344),(320,1344),(288,1312),(160,1312),(160,1568),(192,1568),(192,1760),(160,1760),(160,1824),(256,1824),(256,1920),(224,1920),(224,1984),(160,1984),(160,2016),(192,2016),(192,2176),(160,2176),(160,2368),(288,2368),(320,2336),(480,2336),(512,2368),(608,2368),(608,2272),(640,2272),(640,2240),(704,2240),(704,2272),(768,2272),(768,2512),(32,2512),(32,1232),(704,1232),(704,1312),(512,1312)
(576,2144),(512,2144),(512,2176),(480,2176),(480,2208),(576,2208),(576,2144)
(672,1984),(576,1984),(576,2048),(640,2048),(640,2080),(672,2080),(672,1984)
(2240,2464),(2240,2432),(2208,2432),(2208,2336),(2176,2336),(2176,2304),(2112,2304),(2112,2080),(1920,2080),(1920,1984),(1728,1984),(1728,2048),(1696,2048),(1696,2080),(1632,2080),(1632,2112),(1568,2112),(1568,2176),(1856,2176),(1856,2368),(1664,2368),(1664,2336),(1440,2336),(1440,2368),(1088,2368),(1088,2304),(992,2304),(992,2368),(768,2368),(768,2560),(1856,2560),(1856,3744),(2208,3744),(2208,3552),(2112,3552),(2112,3392),(2208,3392),(2208,3168),(2112,3168),(2112,3104),(2176,3104),(2176,3040),(2208,3040),(2208,2976),(2176,2976),(2176,2944),(2144,2944),(2144,2912),(2112,2912),(2112,2816),(2144,2816),(2144,2624),(2112,2624),(2112,2528),(2240,2528),(2240,2496),(2304,2432),(2304,2400),(2240,2464)
(2208,3552),(2752,3552),(2752,3520),(2784,3520),(2784,3488),(2848,3488),(2848,3456),(2944,3456),(2944,3488),(2976,3488),(2976,3552),(3072,3552),(3072,3456),(3008,3456),(3008,3392),(2976,3392),(2976,3296),(3008,3296),(3008,3232),(3072,3232),(3072,3072),(3040,3072),(3040,3040),(3008,3008),(3008,2880),(3040,2848),(3040,2816),(2880,2816),(2880,2304),(2848,2304),(2848,2272),(2816,2272),(2816,2176),(2880,2176),(3008,2048),(3008,1952),(3040,1952),(3040,1920),(3136,1920),(3168,1888),(3456,1888),(3456,2080),(3520,2080),(3520,2112),(3552,2112),(3552,2240),(3456,2240),(3456,3744),(2208,3744),(2208,3552)
(2752,2368),(2528,2368),(2528,2400),(2496,2400),(2496,2432),(2400,2432),(2400,2464),(2336,2528),(2336,2560),(2400,2496),(2400,2528),(2560,2528),(2560,2624),(2464,2624),(2464,2720),(2496,2720),(2496,2784),(2560,2784),(2560,2816),(2752,2816),(2752,2368)
(2752,1664),(2816,1664),(2816,1600),(2912,1600),(2912,1280),(2560,1280),(2560,1984),(2464,1984),(2464,2208),(2496,2208),(2496,2240),(2752,2240),(2752,1664)
(3296,1760),(3328,1760),(3328,1696),(3456,1696),(3456,1440),(3456,1184),(3072,1184),(3072,1600),(3168,1600),(3168,1696),(3232,1696),(3232,1792),(3296,1792),(3296,1760)
(3488,1472),(3520,1472),(3520,1504),(3552,1504),(3552,1440),(3488,1440),(3488,1472)
(2528,3104),(2560,3104),(2560,3072),(2592,3072),(2592,3008),(2496,3008),(2496,3072),(2464,3072),(2464,3136),(2528,3136),(2528,3104)
(1088,2144),(1120,2144),(1120,2176),(1152,2176),(1152,2208),(1248,2208),(1248,2016),(1088,2016),(1088,2144)
(1280,1728),(1280,1568),(1344,1568),(1344,1536),(1376,1536),(1376,1472),(1408,1472),(1408,1696),(1632,1696),(1632,1632),(1664,1632),(1664,1600),(1632,1600),(1632,1408),(800,1408),(800,1728),(1280,1728)
(1920,1632),(2112,1632),(2112,1152),(2080,1152),(2080,1504),(2048,1504),(2048,1536),(2016,1536),(2016,1600),(1792,1600),(1792,1632),(1856,1632),(1856,1728),(1792,1728),(1792,1824),(1920,1824),(1920,1632)
(2848,832),(2848,960),(2432,960),(2432,992),(2400,992),(2400,1024),(2336,1024),(2336,1056),(2208,1056),(2144,1056),(2144,1024),(2112,1024),(2112,992),(1920,992),(1920,1440),(1856,1440),(1856,1248),(1632,1248),(1632,1312),(704,1312),(704,832),(2848,832)
(3072,1184),(2880,1184),(3072,1184)
(2848,480),(3072,480),(3072,64),(4640,64),(4640,640),(4608,672),(4320,672),(4288,640),(4288,192),(4192,192),(4192,160),(4160,160),(4160,128),(4096,128),(4096,256),(4000,256),(4000,416),(3456,416),(3456,960),(3392,960),(3392,1024),(3360,1024),(3360,992),(3296,992),(3296,928),(3264,928),(3264,896),(3200,896),(3200,992),(3168,992),(3168,960),(3136,960),(3136,928),(3072,928),(3072,896),(2976,896),(2976,992),(2912,992),(2912,960),(2848,960),(2848,480)
(5152,416),(5152,1216),(5024,1216),(5024,1344),(5152,1344),(5152,1440),(4896,1440),(4896,1536),(5376,1536),(5376,192),(4640,192),(4640,416),(5152,416)
(3712,1216),(3680,1216),(3680,2208),(4096,2208),(4096,2240),(4160,2240),(4192,2208),(4192,2144),(4160,2144),(4160,2080),(4192,2048),(4192,1952),(4160,1920),(4160,1856),(4192,1824),(4192,1728),(4160,1696),(4160,1632),(4256,1632),(4256,1600),(4320,1600),(4320,1536),(4672,1536),(4672,1216),(3712,1216)
(3712,1184),(3456,1184),(3712,1184)
(3456,2880),(3488,2848),(3840,2848),(3872,2880),(3872,3456),(5408,3456),(5408,1536),(4960,1536),(4960,1664),(5120,1664),(5120,1792),(5216,1792),(5216,1856),(5184,1856),(5152,1888),(5152,2048),(5184,2080),(5216,2080),(5216,2176),(5184,2176),(5152,2208),(5152,2400),(5184,2432),(5216,2432),(5216,2496),(4928,2496),(4928,2784),(5216,2784),(5216,2848),(5184,2848),(5152,2880),(5152,2944),(5184,2976),(5216,2976),(5216,3040),(5184,3040),(5152,3072),(5152,3136),(5184,3168),(5216,3168),(5216,3232),(4928,3232),(4896,3232),(4864,3200),(4704,3200),(4672,3232),(4160,3232),(4160,3104),(4192,3104),(4192,2912),(4160,2912),(4160,2688),(4176,2688),(4176,2496),(4192,2496),(4192,2432),(4160,2400),(4096,2400),(4096,2432),(3712,2432),(3712,2400),(3680,2400),(3680,2368),(3584,2368),(3584,2432),(3456,2432),(3456,2880)
(4032,960),(4064,960),(4064,896),(3904,896),(3904,992),(4032,992),(4032,960)
(4384,896),(4416,896),(4416,864),(4384,864),(4384,896)
(3392,1152),(3296,1152),(3296,1184),(3392,1184),(3392,1152)
(3200,1120),(3168,1120),(3168,1088),(3136,1088),(3136,1120),(3104,1120),(3104,1184),(3200,1184),(3200,1120)
(4416,2880),(4448,2880),(4448,2848),(4480,2848),(4480,2816),(4512,2816),(4512,2784),(4576,2784),(4576,2720),(4640,2720),(4640,1952),(4608,1952),(4608,2528),(4544,2528),(4544,2592),(4512,2592),(4512,2624),(4480,2624),(4480,2688),(4384,2688),(4384,2912),(4416,2912),(4416,2880)
(3456,960),(3712,960),(3456,960)
}

collisionPeople {
(3456,1600),(3488,1600),(3520,1568),(3520,1536),(3552,1536),(3552,1600),(3520,1600),(3520,1632),(3488,1632),(3488,1664),(3456,1664),(3456,1600)
(2576,3552),(2576,3088),(2720,3088),(2720,3072),(2560,3072),(2560,3552),(2576,3552)
(2912,3088),(3072,3088),(3072,3072),(2912,3072),(2912,3088)
(2656,3248),(2656,3232),(2640,3232),(2624,3248),(2624,3264),(2640,3264),(2656,3248)
(2704,3296),(2720,3280),(2720,3264),(2704,3264),(2688,3280),(2688,3296),(2704,3296)
(2656,3344),(2640,3328),(2624,3328),(2624,3344),(2640,3360),(2656,3360),(2656,3344)
(688,1312),(688,1440),(704,1440),(704,1312),(688,1312)
(688,1568),(688,1808),(1280,1808),(1280,1792),(704,1792),(704,1568),(688,1568)
(672,2000),(1264,2000),(1264,2368),(1280,2368),(1280,1984),(672,1984),(672,2000)
(464,1952),(480,1936),(480,1920),(464,1920),(448,1936),(448,1952),(464,1952)
(512,1984),(512,2000),(496,2016),(480,2016),(480,2000),(496,1984),(512,1984)
(2240,1056),(2240,1600),(2208,1600),(2208,1056),(2240,1056)
(2880,1216),(2496,1216),(2496,1600),(2464,1600),(2464,1184),(2880,1184),(2880,1216)
(3712,1216),(3712,1184),(3712,1216)
(4384,880),(4256,880),(4256,896),(4384,896),(4384,880)
(4160,880),(3696,880),(3696,960),(3712,960),(3712,896),(4160,896),(4160,880)
(4944,1536),(4944,1728),(4928,1728),(4928,1536),(4944,1536)
(4944,1856),(4944,2496),(4928,2496),(4928,1856),(4944,1856)
(4944,2784),(4944,3232),(4928,3232),(4928,2784),(4944,2784)
}

buyzones {
(0,256,1376,576,1712)
(1,4512,2816,4896,3168)
}

spawns {
(0,304,1424);(0,384,1424);(0,464,1424);(0,544,1424);(0,336,1504);(0,416,1504);(0,496,1504);(0,304,1584);(0,384,1584);(0,464,1584);(0,544,1584);(0,416,1664);(1,4848,3120);(1,4576,3120);(1,4672,3120);(1,4768,3120);(1,4640,3056);(1,4784,3056);(1,4720,2992);(1,4608,2976);(1,4816,2976);(1,4656,2912);(1,4784,2912);(1,4720,2864);(2,256,2272);(2,1568,2272);(2,2816,3328);(2,2784,1728);(2,3520,2368);(2,4224,3168);(2,5056,1408);(2,4224,352);(2,3040,928);(2,1184,1360)
}

waypoints {
(432,1536);(432,1600);(448,1680);(480,1744);(528,1808);(488,1856);(568,1832);(440,1888);(408,1936);(376,1992);(360,2056);(336,2112);(672,1840);(752,1856);(832,1872);(912,1888);(992,1888);(1088,1888);(1184,1888);(1280,1888);(1392,1888);(1472,1872);(1552,1872);(1648,1888);(1728,1888);(1808,1888);(1616,1824);(1664,1776);(1712,1728);(1712,1664);(1712,1600);(1744,1552);(1808,1536);(1888,1520);(1968,1504);(1760,1472);(1696,1424);(1632,1360);(1552,1360);(1456,1360);(1360,1360);(1248,1360);(1120,1360);(1024,1360);(912,1360);(832,1360);(752,1376);(752,1440);(704,1472);(656,1488);(592,1488);(528,1488);(464,1504);(1424,1952);(1440,2016);(1456,2096);(1488,2160);(1520,2240);(1600,2272);(1920,1888);(2000,1872);(2056,1848);(2112,1808);(2160,1760);(2208,1712);(2176,1664);(2160,1600);(2160,1504);(2256,1680);(2304,1632);(2336,1552);(2352,1456);(2352,1392);(2368,1648);(2432,1648);(2512,1632);(2544,1584);(2528,1520);(2528,1440);(2528,1360);(2536,1248);(2648,1240);(2720,1248);(2792,1248);(2864,1248);(2960,1264);(2352,1312);(2352,1248);(2368,1152);(2432,1104);(2496,1056);(2592,1056);(2672,1040);(2768,1056);(2848,1072);(1984,1440);(1984,1360);(1984,1280);(2016,1216);(2032,1136);(2080,1088);(2144,1104);(2176,1152);(2160,1200);(2160,1280);(2160,1360);(2160,1408);(2984,1312);(2992,1376);(2944,1072);(3104,1056);(3248,1056);(3424,1088);(4016,1088);(3664,1088);(3776,1088);(3936,1088);(4080,1088);(4320,1088);(4224,1088);(4448,1088);(4560,1088);(4656,1120);(4736,1152);(4800,1232);(4832,1392);(4800,1472);(4784,1568);(4784,1632);(4800,1728);(4720,1744);(4624,1792);(4816,1808);(4560,1856);(4496,1904);(4432,1984);(4400,2064);(4816,1888);(4400,2128);(4368,2192);(4304,2256);(4224,2336);(4144,2320);(4016,2320);(3904,2320);(4800,1984);(4800,2064);(4800,2160);(4784,2240);(4784,2320);(4784,2400);(4784,2480);(4768,2560);(4784,2672);(4784,2736);(4768,2816);(4768,2880);(4784,3072);(4496,3056);(4432,3024);(4352,2992);(4304,2928);(4304,2864);(4304,2752);(4288,2656);(4288,2576);(4272,2496);(4256,2400);(4704,3088);(4592,3088);(4832,3040);(4832,2976);(4640,2944);(4704,2912);(4800,2928);(4560,2976);(4480,2992);(4544,1024);(4512,960);(4480,880);(4432,832);(4368,800);(4272,800);(4176,768);(4064,784);(4176,704);(4160,624);(4144,544);(4144,464);(4160,400);(4160,320);(3984,800);(3888,800);(3792,800);(3696,800);(3616,832);(3568,896);(3792,2304);(3712,2272);(3632,2240);(3616,2160);(3600,2080);(3568,2000);(3552,1936);(3536,1856);(3440,1840);(3344,1840);(3232,1856);(3152,1824);(3104,1776);(3072,1856);(2960,1920);(2848,1904);(2848,1968);(2832,2032);(2800,2080);(2784,2144);(2784,2224);(2784,2288);(2704,2304);(2624,2304);(3056,1728);(3024,1664);(2992,1616);(2992,1472);(2096,1896);(2144,1936);(2200,1976);(2256,2016);(2304,2064);(2344,2136);(2376,2192);(2416,2256);(2480,2288);(2392,2312);(2368,2368);(2352,2432);(2304,2496);(2280,2560);(2296,2632);(2312,2720);(2336,2792);(2360,2880);(2352,2952);(2336,3024);(2320,3072);(2304,3136);(2352,3200);(2384,3264);(2376,3328);(2360,3384);(2336,3440);(2280,3480);(2416,2896);(2496,2912);(2576,2928);(2640,2960);(2720,2992);(2768,2944);(2800,2880);(2800,2784);(2784,3024);(2816,3088);(2816,3152);(2816,3216);(2816,3296);(2744,3424);(2800,3384);(2800,2720);(2800,2656);(2816,2592);(2816,2512);(2816,2448);(2800,2368);(752,1520);(752,1600);(752,1696);(784,1760);(848,1760);(928,1760);(1056,1760);(1152,1760);(1248,1760);(1328,1760);(1360,1824);(3568,1792);(3600,1712);(3616,1616);(3616,1536);(3600,1472);(3600,1408);(3600,1328);(3568,1248);(3536,1088);(3344,1072);(3856,1088);(4160,1088);(3600,1088);(3472,1088);(3168,1056);(3040,1072);(2544,2304);(4784,1088);(4832,1040);(4864,976);(4864,896);(4832,1312);(2848,1824);(2864,1760);(2896,1712);(2960,1664);(2912,1952);(3008,1888);(2992,1536);(288,2240);(312,2192);(2912,1248);(2536,1296);(2584,1232)
}

guns {
}
