info {
bg:6;
}

tiles {
6,6,6,6,6,6,6,6,6,6,6,6,6,6,6,6,6,6,6,6,6,6,6,6,6,6,6,6,6,6
6,6,6,6,2,1,1,1,1,1,3,6,2,1,1,1,1,1,1,1,1,1,1,1,1,1,1,3,6,6
6,6,6,6,1,1,1,1,1,1,1,1,1,1,1,1,1,1,1,1,1,1,1,1,1,1,1,1,3,6
6,6,6,2,1,1,12,1,1,1,1,1,1,1,1,1,1,1,1,6,1,1,1,1,11,11,1,1,1,6
6,6,1,1,1,1,1,1,1,1,5,6,1,1,1,1,1,1,1,6,1,1,1,1,1,1,1,1,1,6
6,6,1,1,1,1,1,1,1,1,6,6,1,1,1,1,1,1,5,6,4,1,1,1,1,1,1,1,1,6
6,6,1,1,1,1,1,5,6,6,6,6,4,1,1,1,1,5,6,6,6,4,1,1,1,1,1,1,1,6
6,6,1,1,1,1,1,6,6,6,6,6,6,4,1,1,1,3,2,1,3,6,6,6,6,6,1,1,1,6
6,6,4,1,1,1,1,3,6,6,6,6,6,6,16,6,1,1,1,1,1,1,1,1,1,1,1,1,1,6
6,6,6,4,1,1,1,1,1,1,1,6,6,6,6,2,1,1,1,1,1,1,11,11,11,1,1,1,1,6
6,6,6,6,6,4,1,1,1,1,5,6,6,6,2,1,1,1,1,1,1,11,11,11,11,1,1,1,1,6
6,6,6,6,6,6,1,1,1,5,6,6,6,2,1,1,1,1,1,1,1,1,1,1,1,1,1,1,1,6
6,6,6,6,6,2,1,1,1,6,6,6,16,1,1,1,1,16,6,4,1,1,1,1,1,1,1,1,1,6
6,1,1,1,1,1,1,1,1,3,6,2,1,1,1,1,5,6,6,6,1,1,1,1,1,1,6,6,6,6
6,1,1,1,1,1,1,1,1,1,1,1,1,1,1,5,6,6,6,2,1,1,1,12,1,1,3,6,6,6
6,1,1,1,1,1,12,12,1,1,1,1,1,1,5,6,6,6,6,4,1,1,1,12,1,1,1,1,3,6
6,1,1,1,1,1,1,1,1,1,1,1,1,1,6,6,6,6,6,6,1,1,1,1,1,1,1,1,1,6
6,1,1,5,4,1,1,1,1,1,1,1,1,1,3,6,2,1,3,2,1,1,1,1,1,1,1,1,1,6
6,1,1,6,6,1,1,1,1,12,12,1,1,1,1,1,1,1,1,1,1,5,4,1,1,1,1,1,1,6
6,1,1,3,2,1,1,1,1,1,1,1,1,1,1,1,1,1,1,1,1,3,6,6,6,6,1,1,1,6
6,1,1,1,1,1,1,1,1,1,1,1,1,1,1,1,1,1,1,1,1,1,6,6,6,6,1,1,1,6
6,1,1,4,1,1,1,3,6,6,6,16,2,1,1,5,4,1,1,1,1,1,3,6,6,2,1,1,1,6
6,1,1,6,4,1,1,1,3,16,16,2,1,1,1,6,6,1,1,12,12,1,1,3,2,1,1,1,1,6
6,1,1,6,6,1,1,1,1,1,1,1,1,1,5,6,6,1,1,12,1,1,1,1,1,1,1,1,1,6
6,1,1,3,6,4,1,1,1,1,1,1,1,5,16,6,6,1,1,1,1,1,1,1,1,1,1,1,1,6
6,1,1,1,3,6,6,6,4,1,1,5,6,6,6,6,2,1,1,1,1,1,5,6,4,1,1,1,1,6
6,4,1,1,1,3,6,6,2,1,1,3,6,6,6,2,1,1,1,1,1,1,6,6,6,1,1,1,1,6
6,6,4,1,1,1,1,1,1,1,1,1,1,1,1,1,1,1,1,1,1,5,6,6,6,4,1,1,5,6
6,6,6,4,1,1,1,1,1,1,1,1,1,1,1,1,1,1,1,1,5,6,13,14,15,6,16,16,6,6
6,6,6,6,6,6,6,6,6,6,6,6,6,6,6,6,6,6,6,6,6,6,6,6,6,6,6,6,6,6
}

collision {
(64,128),(64,256),(128,320),(160,320),(192,352),(192,384),(160,416),(32,416),(32,832),(128,928),(640,928),(704,864),(704,832),(736,800),(768,800),(800,832),(800,864),(832,896),(896,896),(928,864),(928,512),(896,480),(864,480),(832,448),(832,416),(928,416),(928,96),(864,32),(416,32),(384,64),(352,64),(320,32),(160,32),(128,64),(128,96),(96,128),(64,128)
(384,192),(448,256),(512,256),(512,288),(416,384),(416,416),(384,416),(352,448),(320,448),(288,416),(288,384),(352,320),(352,288),(256,288),(224,256),(224,224),(256,192),(320,192),(320,160),(352,128),(384,128),(384,192)
(608,160),(544,224),(576,256),(608,224),(640,224),(672,256),(832,256),(832,224),(704,224),(640,160),(640,96),(608,96),(608,160)
(544,416),(448,512),(448,544),(480,576),(512,576),(544,544),(576,544),(608,576),(640,544),(640,512),(608,480),(640,448),(640,416),(608,384),(544,384),(544,416)
(160,576),(160,608),(128,640),(96,608),(96,576),(128,544),(160,576)
(160,736),(160,768),(192,800),(256,800),(288,832),(256,864),(192,864),(96,768),(96,672),(160,736)
(416,672),(352,736),(288,736),(224,672),(416,672)
(384,864),(480,864),(544,800),(544,704),(512,672),(480,704),(480,736),(416,800),(384,800),(352,832),(384,864)
(672,704),(672,736),(640,736),(640,768),(608,768),(608,704),(672,704)
(352,576),(288,576),(288,608),(352,608),(352,576)
(256,480),(192,480),(192,512),(256,512),(256,480)
(192,128),(224,128),(224,96),(192,96),(192,128)
(768,512),(736,512),(736,448),(768,448),(768,512)
(736,608),(832,608),(832,672),(768,736),(704,672),(704,640),(672,608),(704,576),(736,608)
}

collisionPeople {
(768,128),(832,128),(832,96),(768,96),(768,128)
(704,320),(672,320),(672,352),(800,352),(800,288),(704,288),(704,320)
}

buyzones {
(1,160,704,480,832)
(0,640,32,928,224)
}

spawns {
(0,816,176);(0,736,176);(0,672,144);(0,736,64);(0,816,64);(0,880,96);(0,880,144);(0,672,96);(1,424,720);(1,376,768);(1,336,800);(1,296,768);(1,240,776);(1,192,752);(1,232,720);(1,424,760);(2,144,208);(2,120,872);(2,856,840);(2,440,184);(2,896,376);(2,464,440)
}

waypoints {
(864,192);(824,176);(880,144);(848,64);(800,64);(752,64);(704,64);(696,112);(744,168);(560,64);(528,80);(456,96);(496,144);(512,224);(576,272);(376,96);(296,104);(224,160);(176,224);(192,288);(256,352);(224,320);(208,416);(176,448);(288,448);(96,512);(192,560);(72,544);(80,640);(56,672);(120,656);(64,736);(64,808);(112,856);(176,896);(256,896);(320,840);(384,896);(456,896);(320,800);(256,760);(192,704);(160,672);(224,624);(384,624);(416,608);(352,784);(384,768);(448,672);(480,624);(400,544);(384,512);(352,480);(400,480);(432,448);(464,416);(496,384);(640,272);(736,272);(784,272);(832,280);(864,240);(832,336);(808,376);(800,416);(672,368);(640,336);(576,320);(688,448);(688,496);(672,560);(640,592);(520,624);(704,528);(736,560);(768,544);(880,576);(816,464);(832,512);(864,544);(880,624);(880,720);(880,768);(896,816);(864,848);(800,816);(768,784);(712,720);(672,672);(632,632);(704,784);(672,816);(640,832);(544,880);(576,768);(576,720);(576,664);(320,880);(64,592);(144,480);(240,384);(256,416);(320,480);(224,736);(288,784);(416,736);(448,704);(448,640);(352,624);(320,624);(288,624);(256,624);(192,592);(160,512);(416,576);(176,256);(192,192);(256,128);(336,96);(416,96);(496,112);(608,64);(656,64);(880,96);(720,144);(784,176);(688,272);(608,288);(544,256);(496,176);(528,352);(688,400);(800,528);(880,672);(832,848);(736,752);(608,848);(576,864);(496,896);(576,816);(560,616);(600,616);(192,648)
}

guns {
(26,640,248);(26,624,232);(26,608,248);(26,160,56);(26,176,48);(26,152,72);(26,104,552);(26,152,552);(26,152,624);(26,104,624);(26,560,552);(26,544,560);(26,576,560);(26,648,912);(26,680,880);(25,696,200);(25,664,168);(25,240,656);(25,400,656);(25,336,304);(25,72,136);(25,88,136);(25,72,152);(25,912,400);(25,896,400);(25,912,384);(25,64,848);(25,112,896);(26,40,424);(26,64,424);(26,40,456);(26,80,872);(26,808,848);(26,920,848);(26,864,888);(27,440,232);(27,400,200);(27,144,312);(27,408,48);(27,328,48);(27,624,480);(27,304,568);(27,336,568);(27,624,696)
}
