tiles {
5,1,1,1,1,1,1,1,1,1,1,1,1,1,1,1,1,1,1,1,1,1,1,1,1,6
1,1,21,18,18,18,7,9,9,9,9,9,9,9,9,9,9,9,9,7,18,18,18,18,1,1
1,21,20,2,2,2,1,1,1,1,1,1,1,1,1,1,1,1,1,1,26,1,44,2,45,1
1,19,2,2,0,44,27,24,24,24,24,24,24,24,24,24,24,24,24,24,28,45,20,2,2,1
1,19,2,2,45,20,2,2,2,2,2,2,2,2,2,2,2,2,2,2,2,2,2,0,44,1
1,19,1,1,44,2,2,2,2,2,2,2,2,2,2,2,2,2,2,2,2,2,0,0,19,1
1,19,45,18,20,2,2,2,5,1,1,6,2,2,5,1,1,6,2,2,2,2,45,18,20,1
1,19,2,2,2,2,1,1,1,1,1,1,44,2,1,1,1,1,1,1,44,2,2,2,2,1
1,19,0,44,2,2,45,0,1,1,1,1,19,2,1,1,1,1,0,21,20,2,1,44,2,1
1,43,45,20,2,2,2,45,42,1,1,13,19,2,4,1,1,13,35,20,2,2,45,20,2,1
1,1,1,1,1,44,2,2,2,45,18,18,46,2,2,45,18,18,46,2,2,2,2,2,5,1
1,13,35,18,18,20,2,2,2,2,2,2,2,2,2,2,2,2,2,2,2,1,1,1,1,1
1,35,46,2,2,2,2,2,5,1,1,6,2,2,5,1,1,6,2,2,2,45,18,18,42,1
1,19,2,1,44,2,2,0,1,1,1,1,44,2,1,1,1,1,0,44,2,2,2,0,44,1
1,19,2,45,20,2,1,1,1,1,1,1,19,2,1,1,1,1,1,1,44,2,2,45,20,1
1,19,2,2,2,2,45,18,42,1,1,13,19,2,4,1,1,13,35,18,20,2,2,2,2,1
1,19,0,0,44,2,2,2,2,45,18,18,46,2,2,45,18,18,46,2,2,2,1,1,44,1
1,19,0,21,20,2,2,2,2,2,2,2,2,2,2,2,2,2,2,2,2,2,45,18,20,1
1,19,45,20,2,2,2,2,2,2,2,2,2,2,2,2,2,2,2,2,2,0,44,2,2,1
1,19,2,2,1,22,1,1,1,1,1,1,1,1,1,1,1,1,1,1,26,45,20,2,2,1
1,1,22,2,45,20,7,9,9,9,9,9,9,9,9,9,9,9,9,8,28,2,2,2,1,1
4,1,1,1,1,1,1,1,1,1,1,1,1,1,1,1,1,1,1,1,1,1,1,1,1,3
}

collision {
(32,64),(32,288),(64,320),(128,320),(128,352),(64,352),(32,384),(32,640),(64,640),(64,672),(768,672),(768,640),(800,640),(800,416),(768,384),(672,384),(672,352),(768,352),(800,320),(800,64),(768,64),(768,32),(64,32),(64,64),(32,64),(32,64)
(192,224),(192,256),(224,256),(224,288),(256,288),(288,320),(352,320),(384,288),(384,224),(352,192),(288,192),(256,224),(192,224),(192,224)
(192,480),(256,480),(288,512),(352,512),(384,480),(384,416),(352,384),(288,384),(256,416),(224,416),(224,448),(192,448),(192,480)
(448,416),(448,448),(448,480),(480,512),(544,512),(576,480),(640,480),(640,448),(608,448),(608,416),(576,416),(544,384),(480,384),(448,416),(448,416)
(448,288),(480,320),(544,320),(576,288),(608,288),(608,256),(640,256),(640,224),(576,224),(544,192),(480,192),(448,224),(448,288)
(128,320),(128,352),(160,352),(160,320),(128,320)
(736,160),(736,128),(768,128),(768,192),(704,192),(704,160),(736,160)
(704,96),(704,80),(704,64),(672,64),(672,96),(704,96)
(736,448),(768,448),(768,416),(736,416),(736,448)
(704,288),(704,256),(736,256),(736,288),(704,288)
(768,544),(768,512),(704,512),(704,544),(768,544)
(160,640),(128,640),(128,608),(160,608),(160,640)
(64,576),(64,512),(128,512),(128,544),(96,544),(96,576),(64,576)
(96,448),(96,416),(128,416),(128,448),(96,448)
(64,288),(64,256),(96,256),(96,288),(64,288)
(64,160),(128,160),(128,192),(64,192),(64,160)
(160,128),(160,112),(160,96),(128,96),(128,128),(160,128)
(672,608),(704,608),(704,576),(672,576),(672,608)
}

collisionPeople {
(192,608),(640,608),(640,640),(608,640),(640,640),(640,608),(192,608),(192,640),(224,640),(192,640),(192,608)
(192,64),(224,64),(192,64),(192,96),(640,96),(640,64),(608,64),(640,64),(640,96),(192,96),(192,64),(192,64)
}

spawns {
(0,288,128);(0,352,128);(0,480,128);(1,288,576);(1,352,576);(1,480,576);(1,544,576);(0,544,128);(0,608,128);(0,224,128);(0,448,160);(0,384,160);(0,576,160);(0,256,160);(1,608,576);(1,576,544);(1,448,544);(1,384,544);(1,256,544);(1,224,576)
}

waypoints {
(160,544);(672,160);(208,352);(640,352);(672,256);(144,256);(416,224);(512,544);(320,160);(688,464);(160,432);(96,128);(752,592);(512,160);(320,544);(416,352);(416,480)
}

guns {
(4,1280,512);(4,1120,928);(4,640,928);(4,1280,544);(9,224,160);(10,608,544);(11,608,160);(11,224,544);(12,480,544);(12,352,160);(13,352,544);(13,480,160);(15,448,576);(17,288,160);(18,544,544);(19,544,160);(20,288,544);(25,784,432);(25,48,272);(26,96,64);(5,144,64);(4,768,288);(4,64,416);(6,688,640);(26,736,640);(7,784,536);(7,48,168);(27,416,352);(3,752,80);(3,80,624);(22,256,576);(21,576,128);(15,384,576);(11,256,128);(11,576,576);(14,448,128);(23,416,656);(23,416,48);(14,384,128)
}
